1000.0000	301.4	17.2311
	50         301.4     17.2311    0     0.9091
	150        301.4     17.2311    0     2.7273
	250        301.4     16.5401    0     4.5455
	350        301.4     15.8621    0     6.3636
	450        301.4     15.9082    0     8.1818
	550        301.4     16.2031    0     10
	650        301.4     16.505    0.2447     11.5451
	750        301.675     16.3041    0.9549     12.9389
	850        301.812     15.9479    2.0611     14.0451
	950        301.962     15.5938    3.4549     14.7553
	1050        302.962     15.2432    5     15
	1150        303.962     14.5014    5.75     15
	1250        304.476     13.4986    6.25     15
	1350        304.504     13.4943    6.75     15
	1450        304.605     12.8886    7.25     15
	1550        304.998     12.3336    7.75     15
	1650        305.359     11.809    8.25     15
	1750        305.719     11.2844    8.75     15
	1850        306.108     10.7977    9.25     15
	1950        306.195     10.989    9.75     15
	2050        306.994     9.68277    10.25     15
	2150        308.624     9.15    10.75     15
	2250        309.326     8.42778    11.25     15
	2350        309.554     8.1    11.75     15
	2450        309.732     7.82971    12.25     15
	2550        309.961     7.57725    12.75     15
	2650        310.191     7.32479    13.25     15
	2750        310.418     7.07367    13.75     15
	2850        310.609     6.84045    14.25     15
	2950        310.801     6.60722    14.75     15
	3050        310.993     6.37399    15.3842     15.5003
	3150        311.004     6.23137    16.25     15
	3250        311.058     6.07381    16.8272     14.6664
	3350        312.398     5.41918    17.4044     14.3329
	3450        313.956     4.63541    17.9816     13.9993
	3550        315.379     3.7875    18.5589     13.6657
	3650        315.588     3.69722    19.1361     13.3322
	3750        315.805     3.60454    19.7133     12.9986
	3850        316.022     3.46507    20.2905     12.665
	3950        316.217     2.85468    20.8677     12.3315
	4050        316.324     2.54765    21.4449     11.9979
	4150        316.361     2.48882    22.0222     11.6644
	4250        316.398     2.43    22.5994     11.3308
	4350        316.404     2.37573    23.1766     10.9972
	4450        316.404     2.3224    23.7538     10.6637
	4550        316.404     2.26907    24.331     10.3301
	4650        316.923     1.93146    24.9082     9.9965
	4750        317.004     1.88813    25.4855     9.663
	4850        317.004     1.89748    26.0627     9.3294
	4950        317.185     1.76178    26.6399     8.9958
	5050        317.466     1.54582    27.2171     8.6623
	5150        318.063     1.2914    27.7943     8.3287
	5250        318.962     1.00004    28.3715     7.9951
	5350        319.861     0.708669    28.9488     7.6616
	5450        320.466     0.593802    29.526     7.328
	5550        320.962     0.544215    30.1032     6.9944
	5650        321.458     0.494628    30.6804     6.6609
	5750        321.985     0.441935    31.2576     6.3273
	5850        322.535     0.390204    31.8348     5.9937
	5950        322.807     0.369796    32.4121     5.6602
	6050        323.079     0.349388    32.9893     5.3266
	6150        323.327     0.331843    32.9893     5.3266
	6250        323.553     0.316737    32.9893     5.3266
	6350        323.78     0.301631    32.9893     5.3266
	6450        324.006     0.286526    32.9893     5.3266
	6550        324.233     0.27142    32.9893     5.3266
	6650        324.46     0.256314    32.9893     5.3266
	6750        324.686     0.241208    32.9893     5.3266
	6850        324.913     0.226103    32.9893     5.3266
	6950        325.139     0.210997    32.9893     5.3266
	7050        325.366     0.195891    32.9893     5.3266
	7150        325.592     0.180786    32.9893     5.3266
	7250        325.819     0.16568    32.9893     5.3266
	7350        326.046     0.150574    32.9893     5.3266
	7450        326.249     0.137    32.9893     5.3266
	7550        326.399     0.127    32.9893     5.3266
	7650        326.54     0.117345    32.9893     5.3266
	7750        326.658     0.108496    32.9893     5.3266
	7850        326.776     0.099646    32.9893     5.3266
	7950        326.894     0.0907965    32.9893     5.3266
	8050        327.012     0.0819469    32.9893     5.3266
	8150        327.13     0.0730973    32.9893     5.3266
	8250        327.248     0.0642478    32.9893     5.3266
	8350        327.507     0.0587707    32.9893     5.3266
	8450        327.897     0.0564066    32.9893     5.3266
	8550        328.287     0.0540426    32.9893     5.3266
	8650        328.677     0.0516785    32.9893     5.3266
	8750        329.067     0.0493144    32.9893     5.3266
	8850        329.457     0.0469504    32.9893     5.3266
	8950        329.847     0.0445863    32.9893     5.3266
	9050        330.238     0.0422222    32.9893     5.3266
	9150        330.628     0.04    32.9893     5.3266
	9250        331.02     0.04    32.9893     5.3266
	9350        331.412     0.04    32.9893     5.3266
	9450        331.804     0.04    32.9893     5.3266
	9550        332.188     0.0389047    32.9893     5.3266
	9650        332.571     0.0378094    32.9893     5.3266
	9750        332.954     0.0367141    32.9893     5.3266
	9850        333.338     0.0356188    32.9893     5.3266
	9950        333.721     0.0345235    32.9893     5.3266
	10050        334.104     0.0334283    32.9893     5.3266
	10150        334.488     0.032333    32.9893     5.3266
	10250        334.871     0.0312377    32.9893     5.3266
	10350        335.254     0.0301424    32.9893     5.3266
	10450        335.629     0.03    32.9893     5.3266
	10550        336.005     0.03    32.9893     5.3266
	10650        336.081     0.03    32.9893     5.3266
	10750        336.304     0.0288889    32.9893     5.3266
	10850        336.59     0.0273016    32.9893     5.3266
	10950        336.876     0.0257143    32.9893     5.3266
	11050        337.161     0.024127    32.9893     5.3266
	11150        337.447     0.0225397    32.9893     5.3266
	11250        337.733     0.0209524    32.9893     5.3266
	11350        338.337     0.02    32.9893     5.3266
	11450        339.419     0.02    32.9893     5.3266
	11550        340.449     0.02    32.9893     5.3266
	11650        340.95     0.02    32.9893     5.3266
	11750        341.451     0.02    32.9893     5.3266
	11850        341.952     0.02    32.9893     5.3266
	11950        342.453     0.02    32.9893     5.3266
	12050        342.954     0.02    32.9893     5.3266
	12150        343.724     0.02    32.9893     5.3266
	12250        345.123     0.02    32.9893     5.3266
	12350        346.113     0.0193944    32.9893     5.3266
	12450        346.408     0.0177578    32.9893     5.3266
	12550        346.702     0.0161211    32.9893     5.3266
	12650        346.997     0.0144845    32.9893     5.3266
	12750        347.292     0.0128478    32.9893     5.3266
	12850        347.586     0.0112111    32.9893     5.3266
	12950        348.148     0.01    32.9893     5.3266
	13050        349.291     0.01    32.9893     5.3266
	13150        349.727     0.01    32.9893     5.3266
	13250        350.163     0.01    32.9893     5.3266
	13350        350.599     0.01    32.9893     5.3266
	13450        352.253     0.01    32.9893     5.3266
	13550        356.549     0.01    32.9893     5.3266
	13650        358.715     0.01    32.9893     5.3266
	13750        360.881     0.01    32.9893     5.3266
	13850        362.009     0.01    32.9893     5.3266
	13950        362.566     0.01    32.9893     5.3266
	14050        363.221     0.01    32.9893     5.3266
	14150        363.876     0.01    32.9893     5.3266
	14250        364.514     0.01    32.9893     5.3266
	14350        364.733     0.01    32.9893     5.3266
	14450        364.853     0.01    32.9893     5.3266
	14550        364.973     0.01    32.9893     5.3266
	14650        365.093     0.01    32.9893     5.3266
	14750        365.213     0.01    32.9893     5.3266
	14850        365.544     0.01    32.9893     5.3266
	14950        366.544     0.01    32.9893     5.3266
	15050        367.544     0.01    32.9893     5.3266
	15150        368.544     0.01    32.9893     5.3266
	15250        369.887     0.01    32.9893     5.3266
	15350        371.716     0.01    32.9893     5.3266
	15450        375.027     0.01    32.9893     5.3266
	15550        378.648     0.01    32.9893     5.3266
	15650        383.24     0.01    32.9893     5.3266
	15750        387.46     0.01    32.9893     5.3266
	15850        390.22     0.01    32.9893     5.3266
	15950        392.979     0.01    32.9893     5.3266
	16050        394.349     0.01    32.9893     5.3266
	16150        394.435     0.01    32.9893     5.3266
	16250        394.919     0.01    32.9893     5.3266
	16350        397.104     0.01    32.9893     5.3266
	16450        398.176     0.01    32.9893     5.3266
	16550        399.247     0.01    32.9893     5.3266
	16650        400.319     0.01    32.9893     5.3266
	16750        401.39     0.01    32.9893     5.3266
	16850        405.962     0.01    32.9893     5.3266
	16950        409.019     0.01    32.9893     5.3266
	17050        410.272     0.01    32.9893     5.3266
	17150        411.526     0.01    32.9893     5.3266
	17250        413.193     0.01    32.9893     5.3266
	17350        417.396     0.01    32.9893     5.3266
	17450        421.352     0.01    32.9893     5.3266
	17550        423.524     0.01    32.9893     5.3266
	17650        425.696     0.01    32.9893     5.3266
	17750        427.899     0.01    32.9893     5.3266
	17850        430.113     0.01    32.9893     5.3266
	17950        432.328     0.01    32.9893     5.3266
	18050        434.543     0.01    32.9893     5.3266
	18150        436.241     0.01    32.9893     5.3266
	18250        436.939     0.01    32.9893     5.3266
	18350        437.633     0.01    32.9893     5.3266
	18450        438.541     0.01    32.9893     5.3266
	18550        444.607     0.0195342    32.9893     5.3266
	18650        446.388     0.0167945    32.9893     5.3266
	18750        448.169     0.0140548    32.9893     5.3266
	18850        449.949     0.0113151    32.9893     5.3266
	18950        452.258     0.0107692    32.9893     5.3266
	19050        456.324     0.0144322    32.9893     5.3266
	19150        460.39     0.0180952    32.9893     5.3266
	19250        464.466     0.02    32.9893     5.3266
	19350        467.964     0.0210638    32.9893     5.3266
	19450        470.981     0.0229981    32.9893     5.3266
	19550        473.999     0.0249323    32.9893     5.3266
	19650        477.016     0.0268665    32.9893     5.3266
	19750        480.033     0.0288008    32.9893     5.3266
	19850        483.067     0.03    32.9893     5.3266
	19950        484.914     0.03    32.9893     5.3266
