1000.0000       301.4   17.2311
	50         301.4     17.2311    -0.368797     1.26429
	150        301.4     17.2311    -0.430141     3.12674
	250        301.4     16.5401    -0.518831     3.63584
	350        301.4     15.8621    -0.0317402     5.98058
	450        301.4     15.9082    -0.248428     7.80586
	550        301.4     16.2031    -0.892633     9.55332
	650        301.4     16.505    0.385273     12.4178
	750        301.675     16.3041    1.89496     12.4748
	850        301.812     15.9479    2.09192     14.6917
	950        301.962     15.5938    3.31396     13.7955
	1050        302.962     15.2432    4.81621     15.8428
	1150        303.962     14.5014    5.05025     15.6294
	1250        304.476     13.4986    6.42311     15.9895
	1350        304.504     13.4943    7.01326     15.3766
	1450        304.605     12.8886    7.47774     14.217
	1550        304.998     12.3336    7.57268     15.7579
	1650        305.359     11.809    7.46419     15.5899
	1750        305.719     11.2844    9.49327     14.2787
	1850        306.108     10.7977    8.77878     14.9337
	1950        306.195     10.989    9.99312     15.5827
	2050        306.994     9.68277    10.5915     14.4943
	2150        308.624     9.15    10.466     14.3457
	2250        309.326     8.42778    10.6667     15.8425
	2350        309.554     8.1    11.8184     14.8202
	2450        309.732     7.82971    12.019     15.2525
	2550        309.961     7.57725    13.4391     15.6729
	2650        310.191     7.32479    14.0171     14.1982
	2750        310.418     7.07367    13.673     14.3416
	2850        310.609     6.84045    14.551     15.5173
	2950        310.801     6.60722    15.2948     15.1867
	3050        310.993     6.37399    15.2804     14.0421
	3150        311.004     6.23137    16.8072     14.8725
	3250        311.058     6.07381    15.3812     14.7286
	3350        312.398     5.41918    17.132     14.6312
	3450        313.956     4.63541    16.95     15.9169
	3550        315.379     3.7875    17.3075     15.7801
	3650        315.588     3.69722    18.414     15.612
	3750        315.805     3.60454    17.2653     16.217
	3850        316.022     3.46507    18.4221     16.7435
	3950        316.217     2.85468    18.6196     15.6861
	4050        316.324     2.54765    19.299     16.6847
	4150        316.361     2.48882    20.4131     17.0136
	4250        316.398     2.43    20.0944     15.7429
	4350        316.404     2.37573    19.6467     17.1017
	4450        316.404     2.3224    20.8509     16.8177
	4550        316.404     2.26907    20.4968     16.3874
	4650        316.923     1.93146    21.6441     17.2869
	4750        317.004     1.88813    22.2398     16.835
	4850        317.004     1.89748    23.4147     17.0936
	4950        317.185     1.76178    23.3475     16.6481
	5050        317.466     1.54582    22.6574     16.8452
	5150        318.063     1.2914    23.9309     18.0154
	5250        318.962     1.00004    23.2382     17.4212
	5350        319.861     0.708669    24.2489     19.1151
	5450        320.466     0.593802    24.1738     19.263
	5550        320.962     0.544215    25.1819     19.1012
	5650        321.458     0.494628    25.1126     19.2155
	5750        321.985     0.441935    25.1155     17.8886
	5850        322.535     0.390204    27.2796     17.8701
	5950        322.807     0.369796    27.5883     19.1602
	6050        323.079     0.349388    27.8351     19.5028
	6150        323.327     0.331843    27.0554     18.4109
	6250        323.553     0.316737    27.9121     18.1751
	6350        323.78     0.301631    27.9498     20.0889
	6450        324.006     0.286526    26.5292     18.7572
	6550        324.233     0.27142    26.8125     19.6646
	6650        324.46     0.256314    26.8161     19.2991
	6750        324.686     0.241208    28.1106     19.6568
	6850        324.913     0.226103    26.8535     19.0268
	6950        325.139     0.210997    27.6224     19.0452
	7050        325.366     0.195891    26.7227     18.203
	7150        325.592     0.180786    27.7536     18.4291
	7250        325.819     0.16568    27.245     18.634
	7350        326.046     0.150574    27.6351     18.3786
	7450        326.249     0.137    27.8268     19.821
	7550        326.399     0.127    28.1308     19.5995
	7650        326.54     0.117345    27.7753     18.7712
	7750        326.658     0.108496    26.7227     18.9707
	7850        326.776     0.099646    27.2308     18.1548
	7950        326.894     0.0907965    27.6587     19.4426
	8050        327.012     0.0819469    28.1473     19.0542
	8150        327.13     0.0730973    27.5739     18.2928
	8250        327.248     0.0642478    26.8835     18.6083
	8350        327.507     0.0587707    26.2879     19.4833
	8450        327.897     0.0564066    26.3337     18.2732
	8550        328.287     0.0540426    27.1767     18.5941
	8650        328.677     0.0516785    27.1977     19.1648
	8750        329.067     0.0493144    26.7825     19.9267
	8850        329.457     0.0469504    27.2371     18.7783
	8950        329.847     0.0445863    27.0305     19.1879
	9050        330.238     0.0422222    26.5325     19.0973
	9150        330.628     0.04    26.8422     18.149
	9250        331.02     0.04    27.856     19.4669
	9350        331.412     0.04    28.2147     19.1404
	9450        331.804     0.04    26.5621     20.106
	9550        332.188     0.0389047    28.1554     20.0921
	9650        332.571     0.0378094    26.7973     18.673
	9750        332.954     0.0367141    27.1484     19.2731
	9850        333.338     0.0356188    28.036     19.6169
	9950        333.721     0.0345235    27.421     19.5678
	10050        334.104     0.0334283    26.5408     18.1863
	10150        334.488     0.032333    26.5288     19.6879
	10250        334.871     0.0312377    26.9447     19.865
	10350        335.254     0.0301424    27.5559     18.6884
	10450        335.629     0.03    27.9341     19.9345
	10550        336.005     0.03    26.5416     19.554
	10650        336.081     0.03    27.4568     18.1558
	10750        336.304     0.0288889    27.4795     18.5737
	10850        336.59     0.0273016    27.0343     18.3926
	10950        336.876     0.0257143    26.4576     18.1786
	11050        337.161     0.024127    26.9082     19.8843
	11150        337.447     0.0225397    26.9517     19.3149
	11250        337.733     0.0209524    27.8017     18.3395
	11350        338.337     0.02    27.5619     18.3605
	11450        339.419     0.02    27.0099     18.6661
	11550        340.449     0.02    27.9054     18.4808
	11650        340.95     0.02    26.5087     18.8227
	11750        341.451     0.02    27.9777     19.6989
	11850        341.952     0.02    26.4581     18.2754
	11950        342.453     0.02    27.5159     19.469
	12050        342.954     0.02    26.7783     18.7548
	12150        343.724     0.02    26.7607     19.2407
	12250        345.123     0.02    28.1283     19.4861
	12350        346.113     0.0193944    26.4044     20.0897
	12450        346.408     0.0177578    26.7454     18.2491
	12550        346.702     0.0161211    26.4605     19.46
	12650        346.997     0.0144845    26.3298     20.0498
	12750        347.292     0.0128478    27.3129     18.7901
	12850        347.586     0.0112111    27.379     18.6011
	12950        348.148     0.01    28.136     19.5346
	13050        349.291     0.01    26.5039     18.2259
	13150        349.727     0.01    27.6899     18.6555
	13250        350.163     0.01    26.4349     19.0904
	13350        350.599     0.01    27.2187     19.9588
	13450        352.253     0.01    27.0159     19.2118
	13550        356.549     0.01    28.1391     18.8929
	13650        358.715     0.01    27.5304     19.3807
	13750        360.881     0.01    26.2427     19.2357
	13850        362.009     0.01    27.3887     19.3346
	13950        362.566     0.01    26.3348     19.6414
	14050        363.221     0.01    26.4705     19.2823
	14150        363.876     0.01    28.067     19.0868
	14250        364.514     0.01    27.0567     18.8242
	14350        364.733     0.01    28.0423     19.4899
	14450        364.853     0.01    27.399     19.3154
	14550        364.973     0.01    27.8367     19.3584
	14650        365.093     0.01    27.7178     19.8386
	14750        365.213     0.01    27.6778     20.0061
	14850        365.544     0.01    27.5844     18.9253
	14950        366.544     0.01    27.9459     19.982
	15050        367.544     0.01    26.9638     19.3431
	15150        368.544     0.01    28.1328     19.5482
	15250        369.887     0.01    26.4767     19.0907
	15350        371.716     0.01    26.8622     18.6972
	15450        375.027     0.01    26.3072     19.5058
	15550        378.648     0.01    26.9923     19.2078
	15650        383.24     0.01    27.0929     20.0252
	15750        387.46     0.01    26.4071     19.4236
	15850        390.22     0.01    28.0753     19.8659
	15950        392.979     0.01    26.2419     18.4943
	16050        394.349     0.01    26.3132     18.8262
	16150        394.435     0.01    26.3493     19.9598
	16250        394.919     0.01    27.7019     19.0178
	16350        397.104     0.01    26.5181     19.7846
	16450        398.176     0.01    27.3381     19.7866
	16550        399.247     0.01    26.4879     20.0977
	16650        400.319     0.01    26.4273     18.5455
	16750        401.39     0.01    26.6386     19.0353
	16850        405.962     0.01    26.5007     19.2013
	16950        409.019     0.01    27.5861     19.7481
	17050        410.272     0.01    26.7435     18.5447
	17150        411.526     0.01    26.7414     18.3517
	17250        413.193     0.01    27.4232     18.703
	17350        417.396     0.01    27.5703     19.237
	17450        421.352     0.01    26.5538     19.7095
	17550        423.524     0.01    26.5922     19.8864
	17650        425.696     0.01    27.177     18.4634
	17750        427.899     0.01    28.0417     19.4161
	17850        430.113     0.01    28.0402     19.7605
	17950        432.328     0.01    26.5316     19.2566
	18050        434.543     0.01    27.7577     19.2662
	18150        436.241     0.01    26.7741     18.9715
	18250        436.939     0.01    26.4344     18.6727
	18350        437.633     0.01    28.0046     18.2248
	18450        438.541     0.01    27.4065     19.5367
	18550        444.607     0.0195342    26.5118     20.0466
	18650        446.388     0.0167945    26.767     19.3006
	18750        448.169     0.0140548    26.2694     19.4299
	18850        449.949     0.0113151    26.689     19.3382
	18950        452.258     0.0107692    26.6124     19.0346
	19050        456.324     0.0144322    26.2814     19.7923
	19150        460.39     0.0180952    26.7724     20.0324
	19250        464.466     0.02    26.7318     18.8623
	19350        467.964     0.0210638    27.7534     18.6781
	19450        470.981     0.0229981    27.0606     19.685
	19550        473.999     0.0249323    27.84     18.5169
	19650        477.016     0.0268665    28.0114     18.6437
	19750        480.033     0.0288008    27.258     20.0986
	19850        483.067     0.03    26.2486     19.4203
	19950        484.914     0.03    26.2822     19.7131
