1000.0000	301.4	17.2311
	50         301.4     17.2311    -0.691448     -0.0555585
	150        301.4     17.2311    -0.815663     2.74824
	250        301.4     16.5401    -0.989929     5.17017
	350        301.4     15.8621    0.991577     6.00713
	450        301.4     15.9082    -0.443264     8.61927
	550        301.4     16.2031    0.271318     9.7241
	650        301.4     16.505    -0.40866     11.6276
	750        301.675     16.3041    0.899355     12.4886
	850        301.812     15.9479    2.18983     13.7981
	950        301.962     15.5938    3.25097     15.737
	1050        302.962     15.2432    5.71     15.7472
	1150        303.962     14.5014    6.43016     15.02
	1250        304.476     13.4986    6.68893     14.2606
	1350        304.504     13.4943    6.36973     15.7453
	1450        304.605     12.8886    7.80002     15.5526
	1550        304.998     12.3336    7.50542     14.6972
	1650        305.359     11.809    7.79038     14.93
	1750        305.719     11.2844    9.34904     15.1509
	1850        306.108     10.7977    9.43818     15.6012
	1950        306.195     10.989    10.3708     15.9761
	2050        306.994     9.68277    10.067     14.9899
	2150        308.624     9.15    10.3371     15.2268
	2250        309.326     8.42778    11.2451     14.4385
	2350        309.554     8.1    11.0465     15.0728
	2450        309.732     7.82971    11.9717     14.2178
	2550        309.961     7.57725    13.3224     14.576
	2650        310.191     7.32479    12.9748     15.1856
	2750        310.418     7.07367    12.8138     15.4984
	2850        310.609     6.84045    15.0849     14.0734
	2950        310.801     6.60722    15.0675     15.995
	3050        310.993     6.37399    14.5738     14.2266
	3150        311.004     6.23137    14.9934     14.1088
	3250        311.058     6.07381    16.6981     15.216
	3350        312.398     5.41918    15.7961     14.5517
	3450        313.956     4.63541    16.024     15.3528
	3550        315.379     3.7875    16.2938     15.254
	3650        315.588     3.69722    18.1064     15.8762
	3750        315.805     3.60454    17.4096     17.0358
	3850        316.022     3.46507    18.2774     16.4041
	3950        316.217     2.85468    18.2741     17.2297
	4050        316.324     2.54765    19.2447     17.618
	4150        316.361     2.48882    19.0263     16.7518
	4250        316.398     2.43    18.9932     16.85
	4350        316.404     2.37573    19.7227     16.479
	4450        316.404     2.3224    20.6851     17.0974
	4550        316.404     2.26907    21.5823     17.003
	4650        316.923     1.93146    21.517     17.7766
	4750        317.004     1.88813    22.2645     18.6279
	4850        317.004     1.89748    22.2203     18.7544
	4950        317.185     1.76178    21.7442     17.9782
	5050        317.466     1.54582    22.9243     19.2044
	5150        318.063     1.2914    22.0762     18.3447
	5250        318.962     1.00004    23.3702     19.8055
	5350        319.861     0.708669    22.9584     20.2434
	5450        320.466     0.593802    23.4118     20.0179
	5550        320.962     0.544215    25.131     20.6237
	5650        321.458     0.494628    23.5696     19.4197
	5750        321.985     0.441935    25.1757     19.8039
	5850        322.535     0.390204    24.2337     20.7225
	5950        322.807     0.369796    26.4435     20.0936
	6050        323.079     0.349388    25.5321     20.3993
	6150        323.327     0.331843    25.1698     21.6495
	6250        323.553     0.316737    24.9333     20.4025
	6350        323.78     0.301631    25.0339     21.4152
	6450        324.006     0.286526    25.4232     21.801
	6550        324.233     0.27142    25.0682     21.1549
	6650        324.46     0.256314    25.0924     19.8686
	6750        324.686     0.241208    24.948     20.6765
	6850        324.913     0.226103    25.5499     20.9898
	6950        325.139     0.210997    26.0955     20.8717
	7050        325.366     0.195891    25.6015     20.3051
	7150        325.592     0.180786    26.8277     20.8064
	7250        325.819     0.16568    26.8085     21.6221
	7350        326.046     0.150574    25.9351     20.9536
	7450        326.249     0.137    25.5443     20.8837
	7550        326.399     0.127    26.1412     20.1177
	7650        326.54     0.117345    25.8188     21.1547
	7750        326.658     0.108496    25.0163     21.6583
	7850        326.776     0.099646    26.0144     21.5434
	7950        326.894     0.0907965    25.3015     20.5067
	8050        327.012     0.0819469    25.6766     20.0339
	8150        327.13     0.0730973    25.5083     20.9451
	8250        327.248     0.0642478    25.6012     20.8486
	8350        327.507     0.0587707    24.9239     21.6366
	8450        327.897     0.0564066    25.9975     20.7854
	8550        328.287     0.0540426    26.1973     20.2633
	8650        328.677     0.0516785    26.893     21.4569
	8750        329.067     0.0493144    26.0589     21.2015
	8850        329.457     0.0469504    25.5183     20.8636
	8950        329.847     0.0445863    24.9258     20.7757
	9050        330.238     0.0422222    25.9551     21.6913
	9150        330.628     0.04    26.1568     21.4588
	9250        331.02     0.04    25.202     20.6212
	9350        331.412     0.04    25.9948     20.2897
	9450        331.804     0.04    26.2971     21.07
	9550        332.188     0.0389047    25.7317     20.6181
	9650        332.571     0.0378094    26.1695     21.6406
	9750        332.954     0.0367141    26.4959     21.1346
	9850        333.338     0.0356188    25.7861     21.4906
	9950        333.721     0.0345235    26.8258     20.8263
	10050        334.104     0.0334283    25.6978     20.2023
	10150        334.488     0.032333    26.494     19.9917
	10250        334.871     0.0312377    26.7598     19.8287
	10350        335.254     0.0301424    25.6127     20.0203
	10450        335.629     0.03    25.5355     21.1414
	10550        336.005     0.03    25.4104     20.9085
	10650        336.081     0.03    26.8603     20.3341
	10750        336.304     0.0288889    26.4608     20.4921
	10850        336.59     0.0273016    25.5332     20.7628
	10950        336.876     0.0257143    25.9811     20.0734
	11050        337.161     0.024127    26.8686     21.1948
	11150        337.447     0.0225397    26.3162     20.9928
	11250        337.733     0.0209524    26.5959     21.2145
	11350        338.337     0.02    25.5762     20.2395
	11450        339.419     0.02    26.3464     20.8253
	11550        340.449     0.02    25.6997     20.1959
	11650        340.95     0.02    26.88     20.6988
	11750        341.451     0.02    26.3458     20.4782
	11850        341.952     0.02    26.865     21.5935
	11950        342.453     0.02    25.5047     21.7583
	12050        342.954     0.02    26.3781     21.4499
	12150        343.724     0.02    25.9265     21.4807
	12250        345.123     0.02    26.7679     21.4131
	12350        346.113     0.0193944    26.6865     20.267
	12450        346.408     0.0177578    25.0277     19.9664
	12550        346.702     0.0161211    26.1714     20.6791
	12650        346.997     0.0144845    25.5246     21.0812
	12750        347.292     0.0128478    26.3036     21.803
	12850        347.586     0.0112111    25.7737     20.0096
	12950        348.148     0.01    26.4171     20.7677
	13050        349.291     0.01    26.2358     20.8253
	13150        349.727     0.01    26.5779     20.4079
	13250        350.163     0.01    26.0175     20.9555
	13350        350.599     0.01    26.1019     20.8501
	13450        352.253     0.01    25.297     20.6243
	13550        356.549     0.01    26.6595     20.2928
	13650        358.715     0.01    26.6188     19.9546
	13750        360.881     0.01    25.2637     21.1544
	13850        362.009     0.01    26.2266     20.9809
	13950        362.566     0.01    25.2583     20.9134
	14050        363.221     0.01    26.3512     21.4238
	14150        363.876     0.01    26.2017     20.3717
	14250        364.514     0.01    26.6809     20.1022
	14350        364.733     0.01    26.0535     20.8343
	14450        364.853     0.01    26.8843     20.8072
	14550        364.973     0.01    26.1338     21.1235
	14650        365.093     0.01    26.8596     21.2261
	14750        365.213     0.01    26.8706     21.7019
	14850        365.544     0.01    25.586     21.7977
	14950        366.544     0.01    26.831     21.0156
	15050        367.544     0.01    25.4816     21.6562
	15150        368.544     0.01    25.0704     21.4436
	15250        369.887     0.01    25.8639     20.6922
	15350        371.716     0.01    25.3559     21.2653
	15450        375.027     0.01    26.8633     19.9065
	15550        378.648     0.01    25.998     20.8546
	15650        383.24     0.01    26.6338     20.1404
	15750        387.46     0.01    25.4943     21.1837
	15850        390.22     0.01    25.408     20.8536
	15950        392.979     0.01    25.5138     20.346
	16050        394.349     0.01    25.0178     20.1475
	16150        394.435     0.01    26.7502     19.8749
	16250        394.919     0.01    25.1981     20.95
	16350        397.104     0.01    26.1417     21.299
	16450        398.176     0.01    25.9585     20.921
	16550        399.247     0.01    25.6015     21.7703
	16650        400.319     0.01    25.9076     21.7878
	16750        401.39     0.01    25.6837     21.0716
	16850        405.962     0.01    25.9717     21.1206
	16950        409.019     0.01    25.2406     20.9647
	17050        410.272     0.01    26.0485     20.181
	17150        411.526     0.01    25.4293     20.7403
	17250        413.193     0.01    26.5487     21.5324
	17350        417.396     0.01    25.8358     20.4792
	17450        421.352     0.01    26.5892     21.7707
	17550        423.524     0.01    26.5393     20.5355
	17650        425.696     0.01    25.0759     21.7987
	17750        427.899     0.01    26.5552     21.1928
	17850        430.113     0.01    26.5163     20.4334
	17950        432.328     0.01    25.7683     21.7923
	18050        434.543     0.01    26.4926     20.4043
	18150        436.241     0.01    25.1043     20.2857
	18250        436.939     0.01    25.9452     21.4318
	18350        437.633     0.01    25.4628     21.2925
	18450        438.541     0.01    25.5667     21.747
	18550        444.607     0.0195342    25.9149     21.5345
	18650        446.388     0.0167945    26.5673     20.3431
	18750        448.169     0.0140548    25.3068     20.0834
	18850        449.949     0.0113151    26.5156     20.9141
	18950        452.258     0.0107692    25.0818     21.3927
	19050        456.324     0.0144322    25.927     20.6255
	19150        460.39     0.0180952    26.6398     21.2576
	19250        464.466     0.02    24.9384     21.4635
	19350        467.964     0.0210638    26.2316     21.7715
	19450        470.981     0.0229981    25.8879     20.7525
	19550        473.999     0.0249323    26.0033     20.5805
	19650        477.016     0.0268665    24.9395     21.7378
	19750        480.033     0.0288008    24.9018     20.7364
	19850        483.067     0.03    26.7935     19.848
	19950        484.914     0.03    26.0176     21.0544
