1000.0000	301.4	17.2311
	50         301.4     17.2311    0     0.9091
	150        301.4     17.2311    0     2.7273
	250        301.4     16.5401    0     4.5455
	350        301.4     15.8621    0     6.3636
	450        301.4     15.9082    0     8.1818
	550        301.4     16.2031    0     10
	650        301.4     16.505    0.2447     11.5451
	750        301.675     16.3041    0.9549     12.9389
	850        301.812     15.9479    2.0611     14.0451
	950        301.962     15.5938    3.4549     14.7553
	1050        302.962     15.2432    5     15
	1150        303.962     14.5014    5.75     15
	1250        304.476     13.4986    6.25     15
	1350        304.504     13.4943    6.75     15
	1450        304.605     12.8886    7.25     15
	1550        304.998     12.3336    7.75     15
	1650        305.359     11.809    8.25     15
	1750        305.719     11.2844    8.75     15
	1850        306.108     10.7977    9.25     15
	1950        306.195     10.989    9.75     15
	2050        306.994     9.68277    10.25     15
	2150        308.624     9.15    10.75     15
	2250        309.326     8.42778    11.25     15
	2350        309.554     8.1    11.75     15
	2450        309.732     7.82971    12.25     15
	2550        309.961     7.57725    12.75     15
	2650        310.191     7.32479    13.25     15
	2750        310.418     7.07367    13.75     15
	2850        310.609     6.84045    14.25     15
	2950        310.801     6.60722    14.75     15
	3050        310.993     6.37399    15.3305     14.6998
	3150        311.004     6.23137    15.85     15
	3250        311.058     6.07381    16.1963     15.2001
	3350        312.398     5.41918    16.5427     15.4003
	3450        313.956     4.63541    16.889     15.6004
	3550        315.379     3.7875    17.2353     15.8006
	3650        315.588     3.69722    17.5816     16.0007
	3750        315.805     3.60454    17.928     16.2008
	3850        316.022     3.46507    18.2743     16.401
	3950        316.217     2.85468    18.6206     16.6011
	4050        316.324     2.54765    18.967     16.8013
	4150        316.361     2.48882    19.3133     17.0014
	4250        316.398     2.43    19.6596     17.2015
	4350        316.404     2.37573    20.006     17.4017
	4450        316.404     2.3224    20.3523     17.6018
	4550        316.404     2.26907    20.6986     17.8019
	4650        316.923     1.93146    21.0449     18.0021
	4750        317.004     1.88813    21.3913     18.2022
	4850        317.004     1.89748    21.7376     18.4024
	4950        317.185     1.76178    22.0839     18.6025
	5050        317.466     1.54582    22.4303     18.8026
	5150        318.063     1.2914    22.7766     19.0028
	5250        318.962     1.00004    23.1229     19.2029
	5350        319.861     0.708669    23.4693     19.4031
	5450        320.466     0.593802    23.8156     19.6032
	5550        320.962     0.544215    24.1619     19.8033
	5650        321.458     0.494628    24.5082     20.0035
	5750        321.985     0.441935    24.8546     20.2036
	5850        322.535     0.390204    25.2009     20.4038
	5950        322.807     0.369796    25.5472     20.6039
	6050        323.079     0.349388    25.8936     20.804
	6150        323.327     0.331843    25.8936     20.804
	6250        323.553     0.316737    25.8936     20.804
	6350        323.78     0.301631    25.8936     20.804
	6450        324.006     0.286526    25.8936     20.804
	6550        324.233     0.27142    25.8936     20.804
	6650        324.46     0.256314    25.8936     20.804
	6750        324.686     0.241208    25.8936     20.804
	6850        324.913     0.226103    25.8936     20.804
	6950        325.139     0.210997    25.8936     20.804
	7050        325.366     0.195891    25.8936     20.804
	7150        325.592     0.180786    25.8936     20.804
	7250        325.819     0.16568    25.8936     20.804
	7350        326.046     0.150574    25.8936     20.804
	7450        326.249     0.137    25.8936     20.804
	7550        326.399     0.127    25.8936     20.804
	7650        326.54     0.117345    25.8936     20.804
	7750        326.658     0.108496    25.8936     20.804
	7850        326.776     0.099646    25.8936     20.804
	7950        326.894     0.0907965    25.8936     20.804
	8050        327.012     0.0819469    25.8936     20.804
	8150        327.13     0.0730973    25.8936     20.804
	8250        327.248     0.0642478    25.8936     20.804
	8350        327.507     0.0587707    25.8936     20.804
	8450        327.897     0.0564066    25.8936     20.804
	8550        328.287     0.0540426    25.8936     20.804
	8650        328.677     0.0516785    25.8936     20.804
	8750        329.067     0.0493144    25.8936     20.804
	8850        329.457     0.0469504    25.8936     20.804
	8950        329.847     0.0445863    25.8936     20.804
	9050        330.238     0.0422222    25.8936     20.804
	9150        330.628     0.04    25.8936     20.804
	9250        331.02     0.04    25.8936     20.804
	9350        331.412     0.04    25.8936     20.804
	9450        331.804     0.04    25.8936     20.804
	9550        332.188     0.0389047    25.8936     20.804
	9650        332.571     0.0378094    25.8936     20.804
	9750        332.954     0.0367141    25.8936     20.804
	9850        333.338     0.0356188    25.8936     20.804
	9950        333.721     0.0345235    25.8936     20.804
	10050        334.104     0.0334283    25.8936     20.804
	10150        334.488     0.032333    25.8936     20.804
	10250        334.871     0.0312377    25.8936     20.804
	10350        335.254     0.0301424    25.8936     20.804
	10450        335.629     0.03    25.8936     20.804
	10550        336.005     0.03    25.8936     20.804
	10650        336.081     0.03    25.8936     20.804
	10750        336.304     0.0288889    25.8936     20.804
	10850        336.59     0.0273016    25.8936     20.804
	10950        336.876     0.0257143    25.8936     20.804
	11050        337.161     0.024127    25.8936     20.804
	11150        337.447     0.0225397    25.8936     20.804
	11250        337.733     0.0209524    25.8936     20.804
	11350        338.337     0.02    25.8936     20.804
	11450        339.419     0.02    25.8936     20.804
	11550        340.449     0.02    25.8936     20.804
	11650        340.95     0.02    25.8936     20.804
	11750        341.451     0.02    25.8936     20.804
	11850        341.952     0.02    25.8936     20.804
	11950        342.453     0.02    25.8936     20.804
	12050        342.954     0.02    25.8936     20.804
	12150        343.724     0.02    25.8936     20.804
	12250        345.123     0.02    25.8936     20.804
	12350        346.113     0.0193944    25.8936     20.804
	12450        346.408     0.0177578    25.8936     20.804
	12550        346.702     0.0161211    25.8936     20.804
	12650        346.997     0.0144845    25.8936     20.804
	12750        347.292     0.0128478    25.8936     20.804
	12850        347.586     0.0112111    25.8936     20.804
	12950        348.148     0.01    25.8936     20.804
	13050        349.291     0.01    25.8936     20.804
	13150        349.727     0.01    25.8936     20.804
	13250        350.163     0.01    25.8936     20.804
	13350        350.599     0.01    25.8936     20.804
	13450        352.253     0.01    25.8936     20.804
	13550        356.549     0.01    25.8936     20.804
	13650        358.715     0.01    25.8936     20.804
	13750        360.881     0.01    25.8936     20.804
	13850        362.009     0.01    25.8936     20.804
	13950        362.566     0.01    25.8936     20.804
	14050        363.221     0.01    25.8936     20.804
	14150        363.876     0.01    25.8936     20.804
	14250        364.514     0.01    25.8936     20.804
	14350        364.733     0.01    25.8936     20.804
	14450        364.853     0.01    25.8936     20.804
	14550        364.973     0.01    25.8936     20.804
	14650        365.093     0.01    25.8936     20.804
	14750        365.213     0.01    25.8936     20.804
	14850        365.544     0.01    25.8936     20.804
	14950        366.544     0.01    25.8936     20.804
	15050        367.544     0.01    25.8936     20.804
	15150        368.544     0.01    25.8936     20.804
	15250        369.887     0.01    25.8936     20.804
	15350        371.716     0.01    25.8936     20.804
	15450        375.027     0.01    25.8936     20.804
	15550        378.648     0.01    25.8936     20.804
	15650        383.24     0.01    25.8936     20.804
	15750        387.46     0.01    25.8936     20.804
	15850        390.22     0.01    25.8936     20.804
	15950        392.979     0.01    25.8936     20.804
	16050        394.349     0.01    25.8936     20.804
	16150        394.435     0.01    25.8936     20.804
	16250        394.919     0.01    25.8936     20.804
	16350        397.104     0.01    25.8936     20.804
	16450        398.176     0.01    25.8936     20.804
	16550        399.247     0.01    25.8936     20.804
	16650        400.319     0.01    25.8936     20.804
	16750        401.39     0.01    25.8936     20.804
	16850        405.962     0.01    25.8936     20.804
	16950        409.019     0.01    25.8936     20.804
	17050        410.272     0.01    25.8936     20.804
	17150        411.526     0.01    25.8936     20.804
	17250        413.193     0.01    25.8936     20.804
	17350        417.396     0.01    25.8936     20.804
	17450        421.352     0.01    25.8936     20.804
	17550        423.524     0.01    25.8936     20.804
	17650        425.696     0.01    25.8936     20.804
	17750        427.899     0.01    25.8936     20.804
	17850        430.113     0.01    25.8936     20.804
	17950        432.328     0.01    25.8936     20.804
	18050        434.543     0.01    25.8936     20.804
	18150        436.241     0.01    25.8936     20.804
	18250        436.939     0.01    25.8936     20.804
	18350        437.633     0.01    25.8936     20.804
	18450        438.541     0.01    25.8936     20.804
	18550        444.607     0.0195342    25.8936     20.804
	18650        446.388     0.0167945    25.8936     20.804
	18750        448.169     0.0140548    25.8936     20.804
	18850        449.949     0.0113151    25.8936     20.804
	18950        452.258     0.0107692    25.8936     20.804
	19050        456.324     0.0144322    25.8936     20.804
	19150        460.39     0.0180952    25.8936     20.804
	19250        464.466     0.02    25.8936     20.804
	19350        467.964     0.0210638    25.8936     20.804
	19450        470.981     0.0229981    25.8936     20.804
	19550        473.999     0.0249323    25.8936     20.804
	19650        477.016     0.0268665    25.8936     20.804
	19750        480.033     0.0288008    25.8936     20.804
	19850        483.067     0.03    25.8936     20.804
	19950        484.914     0.03    25.8936     20.804
