1000.0000	301.4	17.2311
	50         301.4     17.2311    -0.691448     -0.0555585
	150        301.4     17.2311    -0.815663     2.74824
	250        301.4     16.5401    -0.989929     5.17017
	350        301.4     15.8621    0.991577     6.00713
	450        301.4     15.9082    -0.443264     8.61927
	550        301.4     16.2031    0.271318     9.7241
	650        301.4     16.505    -0.40866     11.6276
	750        301.675     16.3041    0.899355     12.4886
	850        301.812     15.9479    2.18983     13.7981
	950        301.962     15.5938    3.25097     15.737
	1050        302.962     15.2432    5.71     15.7472
	1150        303.962     14.5014    6.43016     15.02
	1250        304.476     13.4986    6.68893     14.2606
	1350        304.504     13.4943    6.36973     15.7453
	1450        304.605     12.8886    7.80002     15.5526
	1550        304.998     12.3336    7.50542     14.6972
	1650        305.359     11.809    7.79038     14.93
	1750        305.719     11.2844    9.34904     15.1509
	1850        306.108     10.7977    9.43818     15.6012
	1950        306.195     10.989    10.3708     15.9761
	2050        306.994     9.68277    10.067     14.9899
	2150        308.624     9.15    10.3371     15.2268
	2250        309.326     8.42778    11.2451     14.4385
	2350        309.554     8.1    11.0465     15.0728
	2450        309.732     7.82971    11.9717     14.2178
	2550        309.961     7.57725    13.3224     14.576
	2650        310.191     7.32479    12.9748     15.1856
	2750        310.418     7.07367    12.8138     15.4984
	2850        310.609     6.84045    15.0849     14.0734
	2950        310.801     6.60722    15.0675     15.995
	3050        310.993     6.37399    14.531     14.3131
	3150        311.004     6.23137    15.0184     14.1088
	3250        311.058     6.07381    16.7683     15.1584
	3350        312.398     5.41918    15.9115     14.4364
	3450        313.956     4.63541    16.1846     15.1798
	3550        315.379     3.7875    16.4997     15.0233
	3650        315.588     3.69722    18.3575     15.5879
	3750        315.805     3.60454    17.7059     16.6899
	3850        316.022     3.46507    18.6189     16.0005
	3950        316.217     2.85468    18.6609     16.7685
	4050        316.324     2.54765    19.6766     17.099
	4150        316.361     2.48882    19.5035     16.1752
	4250        316.398     2.43    19.5156     16.2158
	4350        316.404     2.37573    20.2903     15.7871
	4450        316.404     2.3224    21.2979     16.3479
	4550        316.404     2.26907    22.2404     16.1959
	4650        316.923     1.93146    22.2203     16.9117
	4750        317.004     1.88813    23.013     17.7054
	4850        317.004     1.89748    23.014     17.7742
	4950        317.185     1.76178    22.5832     16.9404
	5050        317.466     1.54582    23.8084     18.109
	5150        318.063     1.2914    23.0056     17.1916
	5250        318.962     1.00004    24.3448     18.5947
	5350        319.861     0.708669    23.9782     18.9749
	5450        320.466     0.593802    24.4768     18.6918
	5550        320.962     0.544215    26.2413     19.24
	5650        321.458     0.494628    24.7251     17.9783
	5750        321.985     0.441935    26.3763     18.3048
	5850        322.535     0.390204    25.4796     19.1657
	5950        322.807     0.369796    27.7346     18.4792
	6050        323.079     0.349388    26.8684     18.7273
	6150        323.327     0.331843    26.5061     19.9775
	6250        323.553     0.316737    26.2696     18.7305
	6350        323.78     0.301631    26.3702     19.7432
	6450        324.006     0.286526    26.7595     20.129
	6550        324.233     0.27142    26.4045     19.4829
	6650        324.46     0.256314    26.4287     18.1966
	6750        324.686     0.241208    26.2843     19.0045
	6850        324.913     0.226103    26.8862     19.3178
	6950        325.139     0.210997    27.4318     19.1997
	7050        325.366     0.195891    26.9378     18.6331
	7150        325.592     0.180786    28.164     19.1344
	7250        325.819     0.16568    28.1448     19.9501
	7350        326.046     0.150574    27.2714     19.2816
	7450        326.249     0.137    26.8806     19.2117
	7550        326.399     0.127    27.4775     18.4457
	7650        326.54     0.117345    27.1551     19.4827
	7750        326.658     0.108496    26.3526     19.9863
	7850        326.776     0.099646    27.3507     19.8714
	7950        326.894     0.0907965    26.6378     18.8347
	8050        327.012     0.0819469    27.0129     18.3619
	8150        327.13     0.0730973    26.8446     19.2731
	8250        327.248     0.0642478    26.9375     19.1766
	8350        327.507     0.0587707    26.2602     19.9646
	8450        327.897     0.0564066    27.3338     19.1134
	8550        328.287     0.0540426    27.5336     18.5913
	8650        328.677     0.0516785    28.2293     19.7849
	8750        329.067     0.0493144    27.3952     19.5295
	8850        329.457     0.0469504    26.8546     19.1916
	8950        329.847     0.0445863    26.2621     19.1037
	9050        330.238     0.0422222    27.2914     20.0193
	9150        330.628     0.04    27.4931     19.7868
	9250        331.02     0.04    26.5383     18.9492
	9350        331.412     0.04    27.3311     18.6177
	9450        331.804     0.04    27.6334     19.398
	9550        332.188     0.0389047    27.068     18.9461
	9650        332.571     0.0378094    27.5058     19.9686
	9750        332.954     0.0367141    27.8322     19.4626
	9850        333.338     0.0356188    27.1224     19.8186
	9950        333.721     0.0345235    28.1621     19.1543
	10050        334.104     0.0334283    27.0341     18.5303
	10150        334.488     0.032333    27.8303     18.3197
	10250        334.871     0.0312377    28.0961     18.1567
	10350        335.254     0.0301424    26.949     18.3483
	10450        335.629     0.03    26.8718     19.4694
	10550        336.005     0.03    26.7467     19.2365
	10650        336.081     0.03    28.1966     18.6621
	10750        336.304     0.0288889    27.7971     18.8201
	10850        336.59     0.0273016    26.8695     19.0908
	10950        336.876     0.0257143    27.3174     18.4014
	11050        337.161     0.024127    28.2049     19.5228
	11150        337.447     0.0225397    27.6525     19.3208
	11250        337.733     0.0209524    27.9322     19.5425
	11350        338.337     0.02    26.9125     18.5675
	11450        339.419     0.02    27.6827     19.1533
	11550        340.449     0.02    27.036     18.5239
	11650        340.95     0.02    28.2163     19.0268
	11750        341.451     0.02    27.6821     18.8062
	11850        341.952     0.02    28.2013     19.9215
	11950        342.453     0.02    26.841     20.0863
	12050        342.954     0.02    27.7144     19.7779
	12150        343.724     0.02    27.2628     19.8087
	12250        345.123     0.02    28.1042     19.7411
	12350        346.113     0.0193944    28.0228     18.595
	12450        346.408     0.0177578    26.364     18.2944
	12550        346.702     0.0161211    27.5077     19.0071
	12650        346.997     0.0144845    26.8609     19.4092
	12750        347.292     0.0128478    27.6399     20.131
	12850        347.586     0.0112111    27.11     18.3376
	12950        348.148     0.01    27.7534     19.0957
	13050        349.291     0.01    27.5721     19.1533
	13150        349.727     0.01    27.9142     18.7359
	13250        350.163     0.01    27.3538     19.2835
	13350        350.599     0.01    27.4382     19.1781
	13450        352.253     0.01    26.6333     18.9523
	13550        356.549     0.01    27.9958     18.6208
	13650        358.715     0.01    27.9551     18.2826
	13750        360.881     0.01    26.6     19.4824
	13850        362.009     0.01    27.5629     19.3089
	13950        362.566     0.01    26.5946     19.2414
	14050        363.221     0.01    27.6875     19.7518
	14150        363.876     0.01    27.538     18.6997
	14250        364.514     0.01    28.0172     18.4302
	14350        364.733     0.01    27.3898     19.1623
	14450        364.853     0.01    28.2206     19.1352
	14550        364.973     0.01    27.4701     19.4515
	14650        365.093     0.01    28.1959     19.5541
	14750        365.213     0.01    28.2069     20.0299
	14850        365.544     0.01    26.9223     20.1257
	14950        366.544     0.01    28.1673     19.3436
	15050        367.544     0.01    26.8179     19.9842
	15150        368.544     0.01    26.4067     19.7716
	15250        369.887     0.01    27.2002     19.0202
	15350        371.716     0.01    26.6922     19.5933
	15450        375.027     0.01    28.1996     18.2345
	15550        378.648     0.01    27.3343     19.1826
	15650        383.24     0.01    27.9701     18.4684
	15750        387.46     0.01    26.8306     19.5117
	15850        390.22     0.01    26.7443     19.1816
	15950        392.979     0.01    26.8501     18.674
	16050        394.349     0.01    26.3541     18.4755
	16150        394.435     0.01    28.0865     18.2029
	16250        394.919     0.01    26.5344     19.278
	16350        397.104     0.01    27.478     19.627
	16450        398.176     0.01    27.2948     19.249
	16550        399.247     0.01    26.9378     20.0983
	16650        400.319     0.01    27.2439     20.1158
	16750        401.39     0.01    27.02     19.3996
	16850        405.962     0.01    27.308     19.4486
	16950        409.019     0.01    26.5769     19.2927
	17050        410.272     0.01    27.3848     18.509
	17150        411.526     0.01    26.7656     19.0683
	17250        413.193     0.01    27.885     19.8604
	17350        417.396     0.01    27.1721     18.8072
	17450        421.352     0.01    27.9255     20.0987
	17550        423.524     0.01    27.8756     18.8635
	17650        425.696     0.01    26.4122     20.1267
	17750        427.899     0.01    27.8915     19.5208
	17850        430.113     0.01    27.8526     18.7614
	17950        432.328     0.01    27.1046     20.1203
	18050        434.543     0.01    27.8289     18.7323
	18150        436.241     0.01    26.4406     18.6137
	18250        436.939     0.01    27.2815     19.7598
	18350        437.633     0.01    26.7991     19.6205
	18450        438.541     0.01    26.903     20.075
	18550        444.607     0.0195342    27.2512     19.8625
	18650        446.388     0.0167945    27.9036     18.6711
	18750        448.169     0.0140548    26.6431     18.4114
	18850        449.949     0.0113151    27.8519     19.2421
	18950        452.258     0.0107692    26.4181     19.7207
	19050        456.324     0.0144322    27.2633     18.9535
	19150        460.39     0.0180952    27.9761     19.5856
	19250        464.466     0.02    26.2747     19.7915
	19350        467.964     0.0210638    27.5679     20.0995
	19450        470.981     0.0229981    27.2242     19.0805
	19550        473.999     0.0249323    27.3396     18.9085
	19650        477.016     0.0268665    26.2758     20.0658
	19750        480.033     0.0288008    26.2381     19.0644
	19850        483.067     0.03    28.1298     18.176
	19950        484.914     0.03    27.3539     19.3824
