1000.0000	301.4	17.2311
	50         301.4     17.2311    0     0.9091
	150        301.4     17.2311    0     2.7273
	250        301.4     16.5401    0     4.5455
	350        301.4     15.8621    0     6.3636
	450        301.4     15.9082    0     8.1818
	550        301.4     16.2031    0     10
	650        301.4     16.505    0.2447     11.5451
	750        301.675     16.3041    0.9549     12.9389
	850        301.812     15.9479    2.0611     14.0451
	950        301.962     15.5938    3.4549     14.7553
	1050        302.962     15.2432    5     15
	1150        303.962     14.5014    5.75     15
	1250        304.476     13.4986    6.25     15
	1350        304.504     13.4943    6.75     15
	1450        304.605     12.8886    7.25     15
	1550        304.998     12.3336    7.75     15
	1650        305.359     11.809    8.25     15
	1750        305.719     11.2844    8.75     15
	1850        306.108     10.7977    9.25     15
	1950        306.195     10.989    9.75     15
	2050        306.994     9.68277    10.25     15
	2150        308.624     9.15    10.75     15
	2250        309.326     8.42778    11.25     15
	2350        309.554     8.1    11.75     15
	2450        309.732     7.82971    12.25     15
	2550        309.961     7.57725    12.75     15
	2650        310.191     7.32479    13.25     15
	2750        310.418     7.07367    13.75     15
	2850        310.609     6.84045    14.25     15
	2950        310.801     6.60722    14.75     15
	3050        310.993     6.37399    15.2877     14.7863
	3150        311.004     6.23137    15.875     15
	3250        311.058     6.07381    16.2665     15.1425
	3350        312.398     5.41918    16.6581     15.285
	3450        313.956     4.63541    17.0496     15.4274
	3550        315.379     3.7875    17.4412     15.5699
	3650        315.588     3.69722    17.8327     15.7124
	3750        315.805     3.60454    18.2243     15.8549
	3850        316.022     3.46507    18.6158     15.9974
	3950        316.217     2.85468    19.0074     16.1399
	4050        316.324     2.54765    19.3989     16.2823
	4150        316.361     2.48882    19.7905     16.4248
	4250        316.398     2.43    20.182     16.5673
	4350        316.404     2.37573    20.5736     16.7098
	4450        316.404     2.3224    20.9651     16.8523
	4550        316.404     2.26907    21.3567     16.9948
	4650        316.923     1.93146    21.7482     17.1372
	4750        317.004     1.88813    22.1398     17.2797
	4850        317.004     1.89748    22.5313     17.4222
	4950        317.185     1.76178    22.9229     17.5647
	5050        317.466     1.54582    23.3144     17.7072
	5150        318.063     1.2914    23.706     17.8497
	5250        318.962     1.00004    24.0975     17.9921
	5350        319.861     0.708669    24.4891     18.1346
	5450        320.466     0.593802    24.8806     18.2771
	5550        320.962     0.544215    25.2722     18.4196
	5650        321.458     0.494628    25.6637     18.5621
	5750        321.985     0.441935    26.0552     18.7045
	5850        322.535     0.390204    26.4468     18.847
	5950        322.807     0.369796    26.8383     18.9895
	6050        323.079     0.349388    27.2299     19.132
	6150        323.327     0.331843    27.2299     19.132
	6250        323.553     0.316737    27.2299     19.132
	6350        323.78     0.301631    27.2299     19.132
	6450        324.006     0.286526    27.2299     19.132
	6550        324.233     0.27142    27.2299     19.132
	6650        324.46     0.256314    27.2299     19.132
	6750        324.686     0.241208    27.2299     19.132
	6850        324.913     0.226103    27.2299     19.132
	6950        325.139     0.210997    27.2299     19.132
	7050        325.366     0.195891    27.2299     19.132
	7150        325.592     0.180786    27.2299     19.132
	7250        325.819     0.16568    27.2299     19.132
	7350        326.046     0.150574    27.2299     19.132
	7450        326.249     0.137    27.2299     19.132
	7550        326.399     0.127    27.2299     19.132
	7650        326.54     0.117345    27.2299     19.132
	7750        326.658     0.108496    27.2299     19.132
	7850        326.776     0.099646    27.2299     19.132
	7950        326.894     0.0907965    27.2299     19.132
	8050        327.012     0.0819469    27.2299     19.132
	8150        327.13     0.0730973    27.2299     19.132
	8250        327.248     0.0642478    27.2299     19.132
	8350        327.507     0.0587707    27.2299     19.132
	8450        327.897     0.0564066    27.2299     19.132
	8550        328.287     0.0540426    27.2299     19.132
	8650        328.677     0.0516785    27.2299     19.132
	8750        329.067     0.0493144    27.2299     19.132
	8850        329.457     0.0469504    27.2299     19.132
	8950        329.847     0.0445863    27.2299     19.132
	9050        330.238     0.0422222    27.2299     19.132
	9150        330.628     0.04    27.2299     19.132
	9250        331.02     0.04    27.2299     19.132
	9350        331.412     0.04    27.2299     19.132
	9450        331.804     0.04    27.2299     19.132
	9550        332.188     0.0389047    27.2299     19.132
	9650        332.571     0.0378094    27.2299     19.132
	9750        332.954     0.0367141    27.2299     19.132
	9850        333.338     0.0356188    27.2299     19.132
	9950        333.721     0.0345235    27.2299     19.132
	10050        334.104     0.0334283    27.2299     19.132
	10150        334.488     0.032333    27.2299     19.132
	10250        334.871     0.0312377    27.2299     19.132
	10350        335.254     0.0301424    27.2299     19.132
	10450        335.629     0.03    27.2299     19.132
	10550        336.005     0.03    27.2299     19.132
	10650        336.081     0.03    27.2299     19.132
	10750        336.304     0.0288889    27.2299     19.132
	10850        336.59     0.0273016    27.2299     19.132
	10950        336.876     0.0257143    27.2299     19.132
	11050        337.161     0.024127    27.2299     19.132
	11150        337.447     0.0225397    27.2299     19.132
	11250        337.733     0.0209524    27.2299     19.132
	11350        338.337     0.02    27.2299     19.132
	11450        339.419     0.02    27.2299     19.132
	11550        340.449     0.02    27.2299     19.132
	11650        340.95     0.02    27.2299     19.132
	11750        341.451     0.02    27.2299     19.132
	11850        341.952     0.02    27.2299     19.132
	11950        342.453     0.02    27.2299     19.132
	12050        342.954     0.02    27.2299     19.132
	12150        343.724     0.02    27.2299     19.132
	12250        345.123     0.02    27.2299     19.132
	12350        346.113     0.0193944    27.2299     19.132
	12450        346.408     0.0177578    27.2299     19.132
	12550        346.702     0.0161211    27.2299     19.132
	12650        346.997     0.0144845    27.2299     19.132
	12750        347.292     0.0128478    27.2299     19.132
	12850        347.586     0.0112111    27.2299     19.132
	12950        348.148     0.01    27.2299     19.132
	13050        349.291     0.01    27.2299     19.132
	13150        349.727     0.01    27.2299     19.132
	13250        350.163     0.01    27.2299     19.132
	13350        350.599     0.01    27.2299     19.132
	13450        352.253     0.01    27.2299     19.132
	13550        356.549     0.01    27.2299     19.132
	13650        358.715     0.01    27.2299     19.132
	13750        360.881     0.01    27.2299     19.132
	13850        362.009     0.01    27.2299     19.132
	13950        362.566     0.01    27.2299     19.132
	14050        363.221     0.01    27.2299     19.132
	14150        363.876     0.01    27.2299     19.132
	14250        364.514     0.01    27.2299     19.132
	14350        364.733     0.01    27.2299     19.132
	14450        364.853     0.01    27.2299     19.132
	14550        364.973     0.01    27.2299     19.132
	14650        365.093     0.01    27.2299     19.132
	14750        365.213     0.01    27.2299     19.132
	14850        365.544     0.01    27.2299     19.132
	14950        366.544     0.01    27.2299     19.132
	15050        367.544     0.01    27.2299     19.132
	15150        368.544     0.01    27.2299     19.132
	15250        369.887     0.01    27.2299     19.132
	15350        371.716     0.01    27.2299     19.132
	15450        375.027     0.01    27.2299     19.132
	15550        378.648     0.01    27.2299     19.132
	15650        383.24     0.01    27.2299     19.132
	15750        387.46     0.01    27.2299     19.132
	15850        390.22     0.01    27.2299     19.132
	15950        392.979     0.01    27.2299     19.132
	16050        394.349     0.01    27.2299     19.132
	16150        394.435     0.01    27.2299     19.132
	16250        394.919     0.01    27.2299     19.132
	16350        397.104     0.01    27.2299     19.132
	16450        398.176     0.01    27.2299     19.132
	16550        399.247     0.01    27.2299     19.132
	16650        400.319     0.01    27.2299     19.132
	16750        401.39     0.01    27.2299     19.132
	16850        405.962     0.01    27.2299     19.132
	16950        409.019     0.01    27.2299     19.132
	17050        410.272     0.01    27.2299     19.132
	17150        411.526     0.01    27.2299     19.132
	17250        413.193     0.01    27.2299     19.132
	17350        417.396     0.01    27.2299     19.132
	17450        421.352     0.01    27.2299     19.132
	17550        423.524     0.01    27.2299     19.132
	17650        425.696     0.01    27.2299     19.132
	17750        427.899     0.01    27.2299     19.132
	17850        430.113     0.01    27.2299     19.132
	17950        432.328     0.01    27.2299     19.132
	18050        434.543     0.01    27.2299     19.132
	18150        436.241     0.01    27.2299     19.132
	18250        436.939     0.01    27.2299     19.132
	18350        437.633     0.01    27.2299     19.132
	18450        438.541     0.01    27.2299     19.132
	18550        444.607     0.0195342    27.2299     19.132
	18650        446.388     0.0167945    27.2299     19.132
	18750        448.169     0.0140548    27.2299     19.132
	18850        449.949     0.0113151    27.2299     19.132
	18950        452.258     0.0107692    27.2299     19.132
	19050        456.324     0.0144322    27.2299     19.132
	19150        460.39     0.0180952    27.2299     19.132
	19250        464.466     0.02    27.2299     19.132
	19350        467.964     0.0210638    27.2299     19.132
	19450        470.981     0.0229981    27.2299     19.132
	19550        473.999     0.0249323    27.2299     19.132
	19650        477.016     0.0268665    27.2299     19.132
	19750        480.033     0.0288008    27.2299     19.132
	19850        483.067     0.03    27.2299     19.132
	19950        484.914     0.03    27.2299     19.132
