1000.0000	301.4	17.2311
	50         301.4     17.2311    -0.691448     -0.0555585
	150        301.4     17.2311    -0.815663     2.74824
	250        301.4     16.5401    -0.989929     5.17017
	350        301.4     15.8621    0.991577     6.00713
	450        301.4     15.9082    -0.443264     8.61927
	550        301.4     16.2031    0.271318     9.7241
	650        301.4     16.505    -0.40866     11.6276
	750        301.675     16.3041    0.899355     12.4886
	850        301.812     15.9479    2.18983     13.7981
	950        301.962     15.5938    3.25097     15.737
	1050        302.962     15.2432    5.71     15.7472
	1150        303.962     14.5014    6.43016     15.02
	1250        304.476     13.4986    6.68893     14.2606
	1350        304.504     13.4943    6.36973     15.7453
	1450        304.605     12.8886    7.80002     15.5526
	1550        304.998     12.3336    7.50542     14.6972
	1650        305.359     11.809    7.79038     14.93
	1750        305.719     11.2844    9.34904     15.1509
	1850        306.108     10.7977    9.43818     15.6012
	1950        306.195     10.989    10.3708     15.9761
	2050        306.994     9.68277    10.067     14.9899
	2150        308.624     9.15    10.3371     15.2268
	2250        309.326     8.42778    11.2451     14.4385
	2350        309.554     8.1    11.0465     15.0728
	2450        309.732     7.82971    11.9717     14.2178
	2550        309.961     7.57725    13.3224     14.576
	2650        310.191     7.32479    12.9748     15.1856
	2750        310.418     7.07367    12.8138     15.4984
	2850        310.609     6.84045    15.0849     14.0734
	2950        310.801     6.60722    15.0675     15.995
	3050        310.993     6.37399    14.546     14.826
	3150        311.004     6.23137    15.2684     14.1088
	3250        311.058     6.07381    17.175     14.8164
	3350        312.398     5.41918    16.4747     13.7524
	3450        313.956     4.63541    16.9045     14.154
	3550        315.379     3.7875    17.3762     13.6555
	3650        315.588     3.69722    19.3906     13.8781
	3750        315.805     3.60454    18.8956     14.6381
	3850        316.022     3.46507    19.9653     13.6068
	3950        316.217     2.85468    20.1638     14.0328
	4050        316.324     2.54765    21.3362     14.0214
	4150        316.361     2.48882    21.3197     12.7556
	4250        316.398     2.43    21.4884     12.4543
	4350        316.404     2.37573    22.4197     11.6836
	4450        316.404     2.3224    23.584     11.9024
	4550        316.404     2.26907    24.683     11.4084
	4650        316.923     1.93146    24.8196     11.7824
	4750        317.004     1.88813    25.7689     12.2341
	4850        317.004     1.89748    25.9265     11.9609
	4950        317.185     1.76178    25.6523     10.7851
	5050        317.466     1.54582    27.0342     11.6118
	5150        318.063     1.2914    26.3879     10.3524
	5250        318.962     1.00004    27.8838     11.4136
	5350        319.861     0.708669    27.6738     11.4518
	5450        320.466     0.593802    28.329     10.8268
	5550        320.962     0.544215    30.2501     11.033
	5650        321.458     0.494628    28.8906     9.42926
	5750        321.985     0.441935    30.6984     9.41386
	5850        322.535     0.390204    29.9583     9.93294
	5950        322.807     0.369796    32.37     8.90435
	6050        323.079     0.349388    31.6603     8.81045
	6150        323.327     0.331843    31.298     10.0607
	6250        323.553     0.316737    31.0615     8.81369
	6350        323.78     0.301631    31.1621     9.82638
	6450        324.006     0.286526    31.5514     10.2122
	6550        324.233     0.27142    31.1964     9.56605
	6650        324.46     0.256314    31.2206     8.27978
	6750        324.686     0.241208    31.0762     9.08769
	6850        324.913     0.226103    31.6781     9.401
	6950        325.139     0.210997    32.2237     9.28289
	7050        325.366     0.195891    31.7297     8.71627
	7150        325.592     0.180786    32.9559     9.21764
	7250        325.819     0.16568    32.9367     10.0333
	7350        326.046     0.150574    32.0633     9.36481
	7450        326.249     0.137    31.6725     9.29492
	7550        326.399     0.127    32.2694     8.52888
	7650        326.54     0.117345    31.947     9.56593
	7750        326.658     0.108496    31.1445     10.0695
	7850        326.776     0.099646    32.1426     9.95456
	7950        326.894     0.0907965    31.4297     8.91794
	8050        327.012     0.0819469    31.8048     8.44513
	8150        327.13     0.0730973    31.6365     9.35632
	8250        327.248     0.0642478    31.7294     9.25982
	8350        327.507     0.0587707    31.0521     10.0478
	8450        327.897     0.0564066    32.1257     9.19658
	8550        328.287     0.0540426    32.3255     8.67446
	8650        328.677     0.0516785    33.0212     9.86813
	8750        329.067     0.0493144    32.1871     9.61275
	8850        329.457     0.0469504    31.6465     9.27477
	8950        329.847     0.0445863    31.054     9.18688
	9050        330.238     0.0422222    32.0833     10.1025
	9150        330.628     0.04    32.285     9.87003
	9250        331.02     0.04    31.3302     9.03239
	9350        331.412     0.04    32.123     8.70089
	9450        331.804     0.04    32.4253     9.48121
	9550        332.188     0.0389047    31.8599     9.02934
	9650        332.571     0.0378094    32.2977     10.0518
	9750        332.954     0.0367141    32.6241     9.54579
	9850        333.338     0.0356188    31.9143     9.90183
	9950        333.721     0.0345235    32.954     9.23754
	10050        334.104     0.0334283    31.826     8.61348
	10150        334.488     0.032333    32.6222     8.40289
	10250        334.871     0.0312377    32.888     8.23992
	10350        335.254     0.0301424    31.7409     8.43152
	10450        335.629     0.03    31.6637     9.55256
	10550        336.005     0.03    31.5386     9.3197
	10650        336.081     0.03    32.9885     8.74526
	10750        336.304     0.0288889    32.589     8.90329
	10850        336.59     0.0273016    31.6614     9.174
	10950        336.876     0.0257143    32.1093     8.48456
	11050        337.161     0.024127    32.9968     9.60603
	11150        337.447     0.0225397    32.4444     9.40399
	11250        337.733     0.0209524    32.7241     9.62575
	11350        338.337     0.02    31.7044     8.65065
	11450        339.419     0.02    32.4746     9.2365
	11550        340.449     0.02    31.8279     8.60707
	11650        340.95     0.02    33.0082     9.10997
	11750        341.451     0.02    32.474     8.88937
	11850        341.952     0.02    32.9932     10.0047
	11950        342.453     0.02    31.6329     10.1695
	12050        342.954     0.02    32.5063     9.86105
	12150        343.724     0.02    32.0547     9.89188
	12250        345.123     0.02    32.8961     9.82431
	12350        346.113     0.0193944    32.8147     8.67818
	12450        346.408     0.0177578    31.1559     8.37756
	12550        346.702     0.0161211    32.2996     9.09031
	12650        346.997     0.0144845    31.6528     9.49238
	12750        347.292     0.0128478    32.4318     10.2142
	12850        347.586     0.0112111    31.9019     8.42084
	12950        348.148     0.01    32.5453     9.17894
	13050        349.291     0.01    32.364     9.2365
	13150        349.727     0.01    32.7061     8.81912
	13250        350.163     0.01    32.1457     9.3667
	13350        350.599     0.01    32.2301     9.26128
	13450        352.253     0.01    31.4252     9.0355
	13550        356.549     0.01    32.7877     8.704
	13650        358.715     0.01    32.747     8.36578
	13750        360.881     0.01    31.3919     9.56556
	13850        362.009     0.01    32.3548     9.39209
	13950        362.566     0.01    31.3865     9.32458
	14050        363.221     0.01    32.4794     9.83499
	14150        363.876     0.01    32.3299     8.78292
	14250        364.514     0.01    32.8091     8.51338
	14350        364.733     0.01    32.1817     9.24548
	14450        364.853     0.01    33.0125     9.21837
	14550        364.973     0.01    32.262     9.53468
	14650        365.093     0.01    32.9878     9.63735
	14750        365.213     0.01    32.9988     10.1131
	14850        365.544     0.01    31.7142     10.2089
	14950        366.544     0.01    32.9592     9.42676
	15050        367.544     0.01    31.6098     10.0674
	15150        368.544     0.01    31.1986     9.85477
	15250        369.887     0.01    31.9921     9.10338
	15350        371.716     0.01    31.4841     9.67653
	15450        375.027     0.01    32.9915     8.31775
	15550        378.648     0.01    32.1262     9.2658
	15650        383.24     0.01    32.762     8.55159
	15750        387.46     0.01    31.6225     9.59492
	15850        390.22     0.01    31.5362     9.26476
	15950        392.979     0.01    31.642     8.75723
	16050        394.349     0.01    31.146     8.55867
	16150        394.435     0.01    32.8784     8.28607
	16250        394.919     0.01    31.3263     9.36121
	16350        397.104     0.01    32.2699     9.71017
	16450        398.176     0.01    32.0867     9.33215
	16550        399.247     0.01    31.7297     10.1815
	16650        400.319     0.01    32.0358     10.199
	16750        401.39     0.01    31.8119     9.48279
	16850        405.962     0.01    32.0999     9.53181
	16950        409.019     0.01    31.3688     9.37585
	17050        410.272     0.01    32.1767     8.59218
	17150        411.526     0.01    31.5575     9.15154
	17250        413.193     0.01    32.6769     9.94358
	17350        417.396     0.01    31.964     8.89035
	17450        421.352     0.01    32.7174     10.1819
	17550        423.524     0.01    32.6675     8.94669
	17650        425.696     0.01    31.2041     10.2099
	17750        427.899     0.01    32.6834     9.60396
	17850        430.113     0.01    32.6445     8.84463
	17950        432.328     0.01    31.8965     10.2035
	18050        434.543     0.01    32.6208     8.81546
	18150        436.241     0.01    31.2325     8.69686
	18250        436.939     0.01    32.0734     9.84305
	18350        437.633     0.01    31.591     9.70369
	18450        438.541     0.01    31.6949     10.1582
	18550        444.607     0.0195342    32.0431     9.94565
	18650        446.388     0.0167945    32.6955     8.7543
	18750        448.169     0.0140548    31.435     8.49458
	18850        449.949     0.0113151    32.6438     9.32531
	18950        452.258     0.0107692    31.21     9.80386
	19050        456.324     0.0144322    32.0553     9.03666
	19150        460.39     0.0180952    32.768     9.66884
	19250        464.466     0.02    31.0666     9.87473
	19350        467.964     0.0210638    32.3598     10.1827
	19450        470.981     0.0229981    32.0161     9.16374
	19550        473.999     0.0249323    32.1315     8.99168
	19650        477.016     0.0268665    31.0677     10.149
	19750        480.033     0.0288008    31.03     9.14757
	19850        483.067     0.03    32.9217     8.25921
	19950        484.914     0.03    32.1458     9.46558
