1000.0000	301.4	17.2311
	50         301.4     17.2311    -0.368797     1.26429
	150        301.4     17.2311    -0.430141     3.12674
	250        301.4     16.5401    -0.518831     3.63584
	350        301.4     15.8621    -0.0317402     5.98058
	450        301.4     15.9082    -0.248428     7.80586
	550        301.4     16.2031    -0.892633     9.55332
	650        301.4     16.505    0.385273     12.4178
	750        301.675     16.3041    1.89496     12.4748
	850        301.812     15.9479    2.09192     14.6917
	950        301.962     15.5938    3.31396     13.7955
	1050        302.962     15.2432    4.81621     15.8428
	1150        303.962     14.5014    5.05025     15.6294
	1250        304.476     13.4986    6.42311     15.9895
	1350        304.504     13.4943    7.01326     15.3766
	1450        304.605     12.8886    7.47774     14.217
	1550        304.998     12.3336    7.57268     15.7579
	1650        305.359     11.809    7.46419     15.5899
	1750        305.719     11.2844    9.49327     14.2787
	1850        306.108     10.7977    8.77878     14.9337
	1950        306.195     10.989    9.99312     15.5827
	2050        306.994     9.68277    10.5915     14.4943
	2150        308.624     9.15    10.466     14.3457
	2250        309.326     8.42778    10.6667     15.8425
	2350        309.554     8.1    11.8184     14.8202
	2450        309.732     7.82971    12.019     15.2525
	2550        309.961     7.57725    13.4391     15.6729
	2650        310.191     7.32479    14.0171     14.1982
	2750        310.418     7.07367    13.673     14.3416
	2850        310.609     6.84045    14.551     15.5173
	2950        310.801     6.60722    15.2948     15.1867
	3050        310.993     6.37399    15.2954     14.555
	3150        311.004     6.23137    17.0572     14.8725
	3250        311.058     6.07381    15.7879     14.3866
	3350        312.398     5.41918    17.6952     13.9472
	3450        313.956     4.63541    17.6699     14.8911
	3550        315.379     3.7875    18.184     14.4123
	3650        315.588     3.69722    19.4471     13.9022
	3750        315.805     3.60454    18.455     14.1652
	3850        316.022     3.46507    19.7685     14.3498
	3950        316.217     2.85468    20.1225     12.9504
	4050        316.324     2.54765    20.9586     13.6071
	4150        316.361     2.48882    22.2293     13.594
	4250        316.398     2.43    22.0672     11.9814
	4350        316.404     2.37573    21.7761     12.9982
	4450        316.404     2.3224    23.137     12.3722
	4550        316.404     2.26907    22.9394     11.5999
	4650        316.923     1.93146    24.2434     12.1576
	4750        317.004     1.88813    24.9957     11.3637
	4850        317.004     1.89748    26.3272     11.2803
	4950        317.185     1.76178    26.4166     10.4928
	5050        317.466     1.54582    25.8832     10.348
	5150        318.063     1.2914    27.3132     11.1762
	5250        318.962     1.00004    26.7772     10.2401
	5350        319.861     0.708669    27.9445     11.592
	5450        320.466     0.593802    28.026     11.398
	5550        320.962     0.544215    29.1907     10.8942
	5650        321.458     0.494628    29.2781     10.6665
	5750        321.985     0.441935    29.4376     8.99769
	5850        322.535     0.390204    31.7583     8.63727
	5950        322.807     0.369796    32.2237     9.58536
	6050        323.079     0.349388    32.627     9.58601
	6150        323.327     0.331843    31.8473     8.49415
	6250        323.553     0.316737    32.704     8.25829
	6350        323.78     0.301631    32.7417     10.1721
	6450        324.006     0.286526    31.3211     8.84036
	6550        324.233     0.27142    31.6044     9.74783
	6650        324.46     0.256314    31.608     9.38233
	6750        324.686     0.241208    32.9025     9.74001
	6850        324.913     0.226103    31.6454     9.10997
	6950        325.139     0.210997    32.4143     9.1284
	7050        325.366     0.195891    31.5146     8.28619
	7150        325.592     0.180786    32.5455     8.51234
	7250        325.819     0.16568    32.0369     8.71725
	7350        326.046     0.150574    32.427     8.4618
	7450        326.249     0.137    32.6187     9.90421
	7550        326.399     0.127    32.9227     9.6827
	7650        326.54     0.117345    32.5672     8.8544
	7750        326.658     0.108496    31.5146     9.05394
	7850        326.776     0.099646    32.0227     8.23797
	7950        326.894     0.0907965    32.4506     9.52583
	8050        327.012     0.0819469    32.9392     9.13738
	8150        327.13     0.0730973    32.3658     8.37598
	8250        327.248     0.0642478    31.6754     8.69149
	8350        327.507     0.0587707    31.0798     9.56648
	8450        327.897     0.0564066    31.1256     8.35644
	8550        328.287     0.0540426    31.9686     8.67733
	8650        328.677     0.0516785    31.9896     9.24804
	8750        329.067     0.0493144    31.5744     10.0099
	8850        329.457     0.0469504    32.029     8.86148
	8950        329.847     0.0445863    31.8224     9.27111
	9050        330.238     0.0422222    31.3244     9.18047
	9150        330.628     0.04    31.6341     8.23223
	9250        331.02     0.04    32.6479     9.55006
	9350        331.412     0.04    33.0066     9.22362
	9450        331.804     0.04    31.354     10.1892
	9550        332.188     0.0389047    32.9473     10.1753
	9650        332.571     0.0378094    31.5892     8.75619
	9750        332.954     0.0367141    31.9403     9.35632
	9850        333.338     0.0356188    32.8279     9.70009
	9950        333.721     0.0345235    32.2129     9.65102
	10050        334.104     0.0334283    31.3327     8.26946
	10150        334.488     0.032333    31.3207     9.77108
	10250        334.871     0.0312377    31.7366     9.94816
	10350        335.254     0.0301424    32.3478     8.77157
	10450        335.629     0.03    32.726     10.0177
	10550        336.005     0.03    31.3335     9.63716
	10650        336.081     0.03    32.2487     8.23901
	10750        336.304     0.0288889    32.2714     8.65688
	10850        336.59     0.0273016    31.8262     8.47584
	10950        336.876     0.0257143    31.2495     8.26183
	11050        337.161     0.024127    31.7001     9.9675
	11150        337.447     0.0225397    31.7436     9.39807
	11250        337.733     0.0209524    32.5936     8.42267
	11350        338.337     0.02    32.3538     8.44373
	11450        339.419     0.02    31.8018     8.74929
	11550        340.449     0.02    32.6973     8.56398
	11650        340.95     0.02    31.3006     8.90592
	11750        341.451     0.02    32.7696     9.78213
	11850        341.952     0.02    31.25     8.35858
	11950        342.453     0.02    32.3078     9.5522
	12050        342.954     0.02    31.5702     8.83804
	12150        343.724     0.02    31.5526     9.32391
	12250        345.123     0.02    32.9202     9.56929
	12350        346.113     0.0193944    31.1963     10.1729
	12450        346.408     0.0177578    31.5373     8.33227
	12550        346.702     0.0161211    31.2524     9.54322
	12650        346.997     0.0144845    31.1217     10.133
	12750        347.292     0.0128478    32.1048     8.87326
	12850        347.586     0.0112111    32.1709     8.68435
	12950        348.148     0.01    32.9279     9.61781
	13050        349.291     0.01    31.2958     8.30908
	13150        349.727     0.01    32.4818     8.73867
	13250        350.163     0.01    31.2268     9.17363
	13350        350.599     0.01    32.0106     10.042
	13450        352.253     0.01    31.8078     9.29504
	13550        356.549     0.01    32.931     8.97611
	13650        358.715     0.01    32.3223     9.46393
	13750        360.881     0.01    31.0346     9.31891
	13850        362.009     0.01    32.1806     9.41779
	13950        362.566     0.01    31.1267     9.72463
	14050        363.221     0.01    31.2624     9.36554
	14150        363.876     0.01    32.8589     9.17003
	14250        364.514     0.01    31.8486     8.90744
	14350        364.733     0.01    32.8342     9.57307
	14450        364.853     0.01    32.1909     9.39862
	14550        364.973     0.01    32.6286     9.44159
	14650        365.093     0.01    32.5097     9.92185
	14750        365.213     0.01    32.4697     10.0893
	14850        365.544     0.01    32.3763     9.00846
	14950        366.544     0.01    32.7378     10.0652
	15050        367.544     0.01    31.7557     9.42633
	15150        368.544     0.01    32.9247     9.63136
	15250        369.887     0.01    31.2686     9.17394
	15350        371.716     0.01    31.6541     8.78036
	15450        375.027     0.01    31.0991     9.589
	15550        378.648     0.01    31.7842     9.29101
	15650        383.24     0.01    31.8848     10.1084
	15750        387.46     0.01    31.199     9.50678
	15850        390.22     0.01    32.8672     9.94913
	15950        392.979     0.01    31.0338     8.57753
	16050        394.349     0.01    31.1051     8.9094
	16150        394.435     0.01    31.1412     10.043
	16250        394.919     0.01    32.4938     9.101
	16350        397.104     0.01    31.31     9.86783
	16450        398.176     0.01    32.13     9.86978
	16550        399.247     0.01    31.2798     10.1809
	16650        400.319     0.01    31.2192     8.62868
	16750        401.39     0.01    31.4305     9.11852
	16850        405.962     0.01    31.2926     9.28454
	16950        409.019     0.01    32.378     9.83133
	17050        410.272     0.01    31.5354     8.62794
	17150        411.526     0.01    31.5333     8.43488
	17250        413.193     0.01    32.2151     8.78616
	17350        417.396     0.01    32.3622     9.32019
	17450        421.352     0.01    31.3457     9.79275
	17550        423.524     0.01    31.3841     9.96958
	17650        425.696     0.01    31.9689     8.54658
	17750        427.899     0.01    32.8336     9.49934
	17850        430.113     0.01    32.8321     9.84366
	17950        432.328     0.01    31.3235     9.33984
	18050        434.543     0.01    32.5496     9.34936
	18150        436.241     0.01    31.566     9.05473
	18250        436.939     0.01    31.2263     8.75594
	18350        437.633     0.01    32.7965     8.30804
	18450        438.541     0.01    32.1984     9.61995
	18550        444.607     0.0195342    31.3037     10.1298
	18650        446.388     0.0167945    31.5589     9.38385
	18750        448.169     0.0140548    31.0613     9.51313
	18850        449.949     0.0113151    31.4809     9.42139
	18950        452.258     0.0107692    31.4043     9.11778
	19050        456.324     0.0144322    31.0733     9.87552
	19150        460.39     0.0180952    31.5643     10.1156
	19250        464.466     0.02    31.5237     8.94553
	19350        467.964     0.0210638    32.5453     8.76132
	19450        470.981     0.0229981    31.8525     9.76821
	19550        473.999     0.0249323    32.6319     8.60011
	19650        477.016     0.0268665    32.8033     8.72695
	19750        480.033     0.0288008    32.0499     10.1818
	19850        483.067     0.03    31.0405     9.50349
	19950        484.914     0.03    31.0741     9.79629
