1000.0000	301.4	17.2311
	50         301.4     17.2311    -0.691448     -0.0555585
	150        301.4     17.2311    -0.815663     2.74824
	250        301.4     16.5401    -0.989929     5.17017
	350        301.4     15.8621    0.991577     6.00713
	450        301.4     15.9082    -0.443264     8.61927
	550        301.4     16.2031    0.271318     9.7241
	650        301.4     16.505    -0.40866     11.6276
	750        301.675     16.3041    0.899355     12.4886
	850        301.812     15.9479    2.18983     13.7981
	950        301.962     15.5938    3.25097     15.737
	1050        302.962     15.2432    5.71     15.7472
	1150        303.962     14.5014    6.43016     15.02
	1250        304.476     13.4986    6.68893     14.2606
	1350        304.504     13.4943    6.36973     15.7453
	1450        304.605     12.8886    7.80002     15.5526
	1550        304.998     12.3336    7.50542     14.6972
	1650        305.359     11.809    7.79038     14.93
	1750        305.719     11.2844    9.34904     15.1509
	1850        306.108     10.7977    9.43818     15.6012
	1950        306.195     10.989    10.3708     15.9761
	2050        306.994     9.68277    10.067     14.9899
	2150        308.624     9.15    10.3371     15.2268
	2250        309.326     8.42778    11.2451     14.4385
	2350        309.554     8.1    11.0465     15.0728
	2450        309.732     7.82971    11.9717     14.2178
	2550        309.961     7.57725    13.3224     14.576
	2650        310.191     7.32479    12.9748     15.1856
	2750        310.418     7.07367    12.8138     15.4984
	2850        310.609     6.84045    15.0849     14.0734
	2950        310.801     6.60722    15.0675     15.995
	3050        310.993     6.37399    14.6275     15.0271
	3150        311.004     6.23137    15.3934     14.1088
	3250        311.058     6.07381    17.329     14.6823
	3350        312.398     5.41918    16.6578     13.4843
	3450        313.956     4.63541    17.1166     13.7517
	3550        315.379     3.7875    17.6174     13.1191
	3650        315.588     3.69722    19.6609     13.2077
	3750        315.805     3.60454    19.1949     13.8336
	3850        316.022     3.46507    20.2936     12.6681
	3950        316.217     2.85468    20.5212     12.9601
	4050        316.324     2.54765    21.7226     12.8146
	4150        316.361     2.48882    21.7352     11.4148
	4250        316.398     2.43    21.933     10.9793
	4350        316.404     2.37573    22.8933     10.0745
	4450        316.404     2.3224    24.0866     10.1593
	4550        316.404     2.26907    25.2147     9.53116
	4650        316.923     1.93146    25.3803     9.77102
	4750        317.004     1.88813    26.3587     10.0887
	4850        317.004     1.89748    26.5454     9.68141
	4950        317.185     1.76178    26.3002     8.37149
	5050        317.466     1.54582    27.7111     9.06406
	5150        318.063     1.2914    27.0939     7.67058
	5250        318.962     1.00004    28.6188     8.59768
	5350        319.861     0.708669    28.4379     8.50186
	5450        320.466     0.593802    29.1222     7.7427
	5550        320.962     0.544215    31.0723     7.81482
	5650        321.458     0.494628    29.7418     6.07706
	5750        321.985     0.441935    31.5787     5.92756
	5850        322.535     0.390204    30.8676     6.31245
	5950        322.807     0.369796    33.3084     5.14985
	6050        323.079     0.349388    32.6278     4.92185
	6150        323.327     0.331843    32.2655     6.17211
	6250        323.553     0.316737    32.029     4.92509
	6350        323.78     0.301631    32.1296     5.93778
	6450        324.006     0.286526    32.5189     6.32361
	6550        324.233     0.27142    32.1639     5.67745
	6650        324.46     0.256314    32.1881     4.39118
	6750        324.686     0.241208    32.0437     5.19909
	6850        324.913     0.226103    32.6456     5.5124
	6950        325.139     0.210997    33.1912     5.39429
	7050        325.366     0.195891    32.6972     4.82767
	7150        325.592     0.180786    33.9234     5.32904
	7250        325.819     0.16568    33.9042     6.1447
	7350        326.046     0.150574    33.0308     5.47621
	7450        326.249     0.137    32.64     5.40632
	7550        326.399     0.127    33.2369     4.64028
	7650        326.54     0.117345    32.9145     5.67733
	7750        326.658     0.108496    32.112     6.1809
	7850        326.776     0.099646    33.1101     6.06596
	7950        326.894     0.0907965    32.3972     5.02934
	8050        327.012     0.0819469    32.7723     4.55653
	8150        327.13     0.0730973    32.604     5.46772
	8250        327.248     0.0642478    32.6969     5.37122
	8350        327.507     0.0587707    32.0196     6.15917
	8450        327.897     0.0564066    33.0932     5.30798
	8550        328.287     0.0540426    33.293     4.78586
	8650        328.677     0.0516785    33.9887     5.97953
	8750        329.067     0.0493144    33.1546     5.72415
	8850        329.457     0.0469504    32.614     5.38617
	8950        329.847     0.0445863    32.0215     5.29828
	9050        330.238     0.0422222    33.0508     6.21386
	9150        330.628     0.04    33.2525     5.98143
	9250        331.02     0.04    32.2977     5.14379
	9350        331.412     0.04    33.0905     4.81229
	9450        331.804     0.04    33.3928     5.59261
	9550        332.188     0.0389047    32.8274     5.14074
	9650        332.571     0.0378094    33.2652     6.1632
	9750        332.954     0.0367141    33.5916     5.65719
	9850        333.338     0.0356188    32.8818     6.01323
	9950        333.721     0.0345235    33.9215     5.34894
	10050        334.104     0.0334283    32.7935     4.72488
	10150        334.488     0.032333    33.5897     4.51429
	10250        334.871     0.0312377    33.8555     4.35132
	10350        335.254     0.0301424    32.7084     4.54292
	10450        335.629     0.03    32.6312     5.66396
	10550        336.005     0.03    32.5061     5.4311
	10650        336.081     0.03    33.956     4.85666
	10750        336.304     0.0288889    33.5565     5.01469
	10850        336.59     0.0273016    32.6289     5.2854
	10950        336.876     0.0257143    33.0768     4.59596
	11050        337.161     0.024127    33.9643     5.71743
	11150        337.447     0.0225397    33.4119     5.51539
	11250        337.733     0.0209524    33.6916     5.73715
	11350        338.337     0.02    32.6719     4.76205
	11450        339.419     0.02    33.4421     5.3479
	11550        340.449     0.02    32.7954     4.71847
	11650        340.95     0.02    33.9757     5.22137
	11750        341.451     0.02    33.4415     5.00077
	11850        341.952     0.02    33.9607     6.11608
	11950        342.453     0.02    32.6004     6.28094
	12050        342.954     0.02    33.4738     5.97245
	12150        343.724     0.02    33.0222     6.00328
	12250        345.123     0.02    33.8636     5.93571
	12350        346.113     0.0193944    33.7822     4.78958
	12450        346.408     0.0177578    32.1234     4.48896
	12550        346.702     0.0161211    33.2671     5.20171
	12650        346.997     0.0144845    32.6203     5.60378
	12750        347.292     0.0128478    33.3993     6.32556
	12850        347.586     0.0112111    32.8694     4.53224
	12950        348.148     0.01    33.5128     5.29034
	13050        349.291     0.01    33.3315     5.3479
	13150        349.727     0.01    33.6736     4.93052
	13250        350.163     0.01    33.1132     5.4781
	13350        350.599     0.01    33.1976     5.37268
	13450        352.253     0.01    32.3927     5.1469
	13550        356.549     0.01    33.7552     4.8154
	13650        358.715     0.01    33.7145     4.47718
	13750        360.881     0.01    32.3594     5.67696
	13850        362.009     0.01    33.3223     5.50349
	13950        362.566     0.01    32.354     5.43598
	14050        363.221     0.01    33.4469     5.94639
	14150        363.876     0.01    33.2974     4.89432
	14250        364.514     0.01    33.7766     4.62477
	14350        364.733     0.01    33.1492     5.35688
	14450        364.853     0.01    33.98     5.32977
	14550        364.973     0.01    33.2295     5.64608
	14650        365.093     0.01    33.9553     5.74874
	14750        365.213     0.01    33.9663     6.22454
	14850        365.544     0.01    32.6817     6.32031
	14950        366.544     0.01    33.9267     5.53816
	15050        367.544     0.01    32.5773     6.17882
	15150        368.544     0.01    32.1661     5.96617
	15250        369.887     0.01    32.9596     5.21478
	15350        371.716     0.01    32.4516     5.78793
	15450        375.027     0.01    33.959     4.42915
	15550        378.648     0.01    33.0937     5.3772
	15650        383.24     0.01    33.7295     4.66299
	15750        387.46     0.01    32.59     5.70632
	15850        390.22     0.01    32.5037     5.37616
	15950        392.979     0.01    32.6095     4.86863
	16050        394.349     0.01    32.1135     4.67007
	16150        394.435     0.01    33.8459     4.39747
	16250        394.919     0.01    32.2938     5.47261
	16350        397.104     0.01    33.2374     5.82156
	16450        398.176     0.01    33.0542     5.44355
	16550        399.247     0.01    32.6972     6.29291
	16650        400.319     0.01    33.0033     6.31042
	16750        401.39     0.01    32.7794     5.59419
	16850        405.962     0.01    33.0674     5.64321
	16950        409.019     0.01    32.3363     5.48725
	17050        410.272     0.01    33.1442     4.70358
	17150        411.526     0.01    32.525     5.26294
	17250        413.193     0.01    33.6444     6.05498
	17350        417.396     0.01    32.9315     5.00175
	17450        421.352     0.01    33.6849     6.29327
	17550        423.524     0.01    33.635     5.05809
	17650        425.696     0.01    32.1716     6.32129
	17750        427.899     0.01    33.6509     5.71536
	17850        430.113     0.01    33.612     4.95603
	17950        432.328     0.01    32.864     6.31494
	18050        434.543     0.01    33.5883     4.92686
	18150        436.241     0.01    32.2     4.80826
	18250        436.939     0.01    33.0409     5.95445
	18350        437.633     0.01    32.5585     5.81509
	18450        438.541     0.01    32.6624     6.26959
	18550        444.607     0.0195342    33.0106     6.05705
	18650        446.388     0.0167945    33.663     4.8657
	18750        448.169     0.0140548    32.4025     4.60598
	18850        449.949     0.0113151    33.6113     5.43671
	18950        452.258     0.0107692    32.1775     5.91526
	19050        456.324     0.0144322    33.0228     5.14806
	19150        460.39     0.0180952    33.7355     5.78024
	19250        464.466     0.02    32.0341     5.98612
	19350        467.964     0.0210638    33.3273     6.29407
	19450        470.981     0.0229981    32.9836     5.27514
	19550        473.999     0.0249323    33.099     5.10308
	19650        477.016     0.0268665    32.0352     6.26037
	19750        480.033     0.0288008    31.9975     5.25897
	19850        483.067     0.03    33.8892     4.37061
	19950        484.914     0.03    33.1133     5.57698
