1000.0000	301.4	17.2311
	50         301.4     17.2311    -0.368797     1.26429
	150        301.4     17.2311    -0.430141     3.12674
	250        301.4     16.5401    -0.518831     3.63584
	350        301.4     15.8621    -0.0317402     5.98058
	450        301.4     15.9082    -0.248428     7.80586
	550        301.4     16.2031    -0.892633     9.55332
	650        301.4     16.505    0.385273     12.4178
	750        301.675     16.3041    1.89496     12.4748
	850        301.812     15.9479    2.09192     14.6917
	950        301.962     15.5938    3.31396     13.7955
	1050        302.962     15.2432    4.81621     15.8428
	1150        303.962     14.5014    5.05025     15.6294
	1250        304.476     13.4986    6.42311     15.9895
	1350        304.504     13.4943    7.01326     15.3766
	1450        304.605     12.8886    7.47774     14.217
	1550        304.998     12.3336    7.57268     15.7579
	1650        305.359     11.809    7.46419     15.5899
	1750        305.719     11.2844    9.49327     14.2787
	1850        306.108     10.7977    8.77878     14.9337
	1950        306.195     10.989    9.99312     15.5827
	2050        306.994     9.68277    10.5915     14.4943
	2150        308.624     9.15    10.466     14.3457
	2250        309.326     8.42778    10.6667     15.8425
	2350        309.554     8.1    11.8184     14.8202
	2450        309.732     7.82971    12.019     15.2525
	2550        309.961     7.57725    13.4391     15.6729
	2650        310.191     7.32479    14.0171     14.1982
	2750        310.418     7.07367    13.673     14.3416
	2850        310.609     6.84045    14.551     15.5173
	2950        310.801     6.60722    15.2948     15.1867
	3050        310.993     6.37399    15.3232     13.9556
	3150        311.004     6.23137    16.7822     14.8725
	3250        311.058     6.07381    15.311     14.7862
	3350        312.398     5.41918    17.0166     14.7465
	3450        313.956     4.63541    16.7894     16.0899
	3550        315.379     3.7875    17.1016     16.0108
	3650        315.588     3.69722    18.1629     15.9003
	3750        315.805     3.60454    16.969     16.5629
	3850        316.022     3.46507    18.0806     17.1471
	3950        316.217     2.85468    18.2328     16.1473
	4050        316.324     2.54765    18.8671     17.2037
	4150        316.361     2.48882    19.9359     17.5902
	4250        316.398     2.43    19.572     16.3771
	4350        316.404     2.37573    19.0791     17.7936
	4450        316.404     2.3224    20.2381     17.5672
	4550        316.404     2.26907    19.8387     17.1945
	4650        316.923     1.93146    20.9408     18.1518
	4750        317.004     1.88813    21.4913     17.7575
	4850        317.004     1.89748    22.621     18.0738
	4950        317.185     1.76178    22.5085     17.6859
	5050        317.466     1.54582    21.7733     17.9406
	5150        318.063     1.2914    23.0015     19.1685
	5250        318.962     1.00004    22.2636     18.632
	5350        319.861     0.708669    23.2291     20.3836
	5450        320.466     0.593802    23.1088     20.5891
	5550        320.962     0.544215    24.0716     20.4849
	5650        321.458     0.494628    23.9571     20.6569
	5750        321.985     0.441935    23.9149     19.3877
	5850        322.535     0.390204    26.0337     19.4269
	5950        322.807     0.369796    26.2972     20.7746
	6050        323.079     0.349388    26.4988     21.1748
	6150        323.327     0.331843    25.7191     20.0829
	6250        323.553     0.316737    26.5758     19.8471
	6350        323.78     0.301631    26.6135     21.7609
	6450        324.006     0.286526    25.1929     20.4292
	6550        324.233     0.27142    25.4762     21.3366
	6650        324.46     0.256314    25.4798     20.9711
	6750        324.686     0.241208    26.7743     21.3288
	6850        324.913     0.226103    25.5172     20.6988
	6950        325.139     0.210997    26.2861     20.7172
	7050        325.366     0.195891    25.3864     19.875
	7150        325.592     0.180786    26.4173     20.1011
	7250        325.819     0.16568    25.9087     20.306
	7350        326.046     0.150574    26.2988     20.0506
	7450        326.249     0.137    26.4905     21.493
	7550        326.399     0.127    26.7945     21.2715
	7650        326.54     0.117345    26.439     20.4432
	7750        326.658     0.108496    25.3864     20.6427
	7850        326.776     0.099646    25.8945     19.8268
	7950        326.894     0.0907965    26.3224     21.1146
	8050        327.012     0.0819469    26.811     20.7262
	8150        327.13     0.0730973    26.2376     19.9648
	8250        327.248     0.0642478    25.5472     20.2803
	8350        327.507     0.0587707    24.9516     21.1553
	8450        327.897     0.0564066    24.9974     19.9452
	8550        328.287     0.0540426    25.8404     20.2661
	8650        328.677     0.0516785    25.8614     20.8368
	8750        329.067     0.0493144    25.4462     21.5987
	8850        329.457     0.0469504    25.9008     20.4503
	8950        329.847     0.0445863    25.6942     20.8599
	9050        330.238     0.0422222    25.1962     20.7693
	9150        330.628     0.04    25.5059     19.821
	9250        331.02     0.04    26.5197     21.1389
	9350        331.412     0.04    26.8784     20.8124
	9450        331.804     0.04    25.2258     21.778
	9550        332.188     0.0389047    26.8191     21.7641
	9650        332.571     0.0378094    25.461     20.345
	9750        332.954     0.0367141    25.8121     20.9451
	9850        333.338     0.0356188    26.6997     21.2889
	9950        333.721     0.0345235    26.0847     21.2398
	10050        334.104     0.0334283    25.2045     19.8583
	10150        334.488     0.032333    25.1925     21.3599
	10250        334.871     0.0312377    25.6084     21.537
	10350        335.254     0.0301424    26.2196     20.3604
	10450        335.629     0.03    26.5978     21.6065
	10550        336.005     0.03    25.2053     21.226
	10650        336.081     0.03    26.1205     19.8278
	10750        336.304     0.0288889    26.1432     20.2457
	10850        336.59     0.0273016    25.698     20.0646
	10950        336.876     0.0257143    25.1213     19.8506
	11050        337.161     0.024127    25.5719     21.5563
	11150        337.447     0.0225397    25.6154     20.9869
	11250        337.733     0.0209524    26.4654     20.0115
	11350        338.337     0.02    26.2256     20.0325
	11450        339.419     0.02    25.6736     20.3381
	11550        340.449     0.02    26.5691     20.1528
	11650        340.95     0.02    25.1724     20.4947
	11750        341.451     0.02    26.6414     21.3709
	11850        341.952     0.02    25.1218     19.9474
	11950        342.453     0.02    26.1796     21.141
	12050        342.954     0.02    25.442     20.4268
	12150        343.724     0.02    25.4244     20.9127
	12250        345.123     0.02    26.792     21.1581
	12350        346.113     0.0193944    25.0681     21.7617
	12450        346.408     0.0177578    25.4091     19.9211
	12550        346.702     0.0161211    25.1242     21.132
	12650        346.997     0.0144845    24.9935     21.7218
	12750        347.292     0.0128478    25.9766     20.4621
	12850        347.586     0.0112111    26.0427     20.2731
	12950        348.148     0.01    26.7997     21.2066
	13050        349.291     0.01    25.1676     19.8979
	13150        349.727     0.01    26.3536     20.3275
	13250        350.163     0.01    25.0986     20.7624
	13350        350.599     0.01    25.8824     21.6308
	13450        352.253     0.01    25.6796     20.8838
	13550        356.549     0.01    26.8028     20.5649
	13650        358.715     0.01    26.1941     21.0527
	13750        360.881     0.01    24.9064     20.9077
	13850        362.009     0.01    26.0524     21.0066
	13950        362.566     0.01    24.9985     21.3134
	14050        363.221     0.01    25.1342     20.9543
	14150        363.876     0.01    26.7307     20.7588
	14250        364.514     0.01    25.7204     20.4962
	14350        364.733     0.01    26.706     21.1619
	14450        364.853     0.01    26.0627     20.9874
	14550        364.973     0.01    26.5004     21.0304
	14650        365.093     0.01    26.3815     21.5106
	14750        365.213     0.01    26.3415     21.6781
	14850        365.544     0.01    26.2481     20.5973
	14950        366.544     0.01    26.6096     21.654
	15050        367.544     0.01    25.6275     21.0151
	15150        368.544     0.01    26.7965     21.2202
	15250        369.887     0.01    25.1404     20.7627
	15350        371.716     0.01    25.5259     20.3692
	15450        375.027     0.01    24.9709     21.1778
	15550        378.648     0.01    25.656     20.8798
	15650        383.24     0.01    25.7566     21.6972
	15750        387.46     0.01    25.0708     21.0956
	15850        390.22     0.01    26.739     21.5379
	15950        392.979     0.01    24.9056     20.1663
	16050        394.349     0.01    24.9769     20.4982
	16150        394.435     0.01    25.013     21.6318
	16250        394.919     0.01    26.3656     20.6898
	16350        397.104     0.01    25.1818     21.4566
	16450        398.176     0.01    26.0018     21.4586
	16550        399.247     0.01    25.1516     21.7697
	16650        400.319     0.01    25.091     20.2175
	16750        401.39     0.01    25.3023     20.7073
	16850        405.962     0.01    25.1644     20.8733
	16950        409.019     0.01    26.2498     21.4201
	17050        410.272     0.01    25.4072     20.2167
	17150        411.526     0.01    25.4051     20.0237
	17250        413.193     0.01    26.0869     20.375
	17350        417.396     0.01    26.234     20.909
	17450        421.352     0.01    25.2175     21.3815
	17550        423.524     0.01    25.2559     21.5584
	17650        425.696     0.01    25.8407     20.1354
	17750        427.899     0.01    26.7054     21.0881
	17850        430.113     0.01    26.7039     21.4325
	17950        432.328     0.01    25.1953     20.9286
	18050        434.543     0.01    26.4214     20.9382
	18150        436.241     0.01    25.4378     20.6435
	18250        436.939     0.01    25.0981     20.3447
	18350        437.633     0.01    26.6683     19.8968
	18450        438.541     0.01    26.0702     21.2087
	18550        444.607     0.0195342    25.1755     21.7186
	18650        446.388     0.0167945    25.4307     20.9727
	18750        448.169     0.0140548    24.9331     21.1019
	18850        449.949     0.0113151    25.3527     21.0102
	18950        452.258     0.0107692    25.2761     20.7066
	19050        456.324     0.0144322    24.9451     21.4643
	19150        460.39     0.0180952    25.4361     21.7044
	19250        464.466     0.02    25.3955     20.5343
	19350        467.964     0.0210638    26.4171     20.3501
	19450        470.981     0.0229981    25.7243     21.357
	19550        473.999     0.0249323    26.5037     20.1889
	19650        477.016     0.0268665    26.6751     20.3158
	19750        480.033     0.0288008    25.9217     21.7706
	19850        483.067     0.03    24.9123     21.0923
	19950        484.914     0.03    24.9459     21.3851
