1000.0000	301.4	17.2311
	50         301.4     17.2311    -0.368797     1.26429
	150        301.4     17.2311    -0.430141     3.12674
	250        301.4     16.5401    -0.518831     3.63584
	350        301.4     15.8621    -0.0317402     5.98058
	450        301.4     15.9082    -0.248428     7.80586
	550        301.4     16.2031    -0.892633     9.55332
	650        301.4     16.505    0.385273     12.4178
	750        301.675     16.3041    1.89496     12.4748
	850        301.812     15.9479    2.09192     14.6917
	950        301.962     15.5938    3.31396     13.7955
	1050        302.962     15.2432    4.81621     15.8428
	1150        303.962     14.5014    5.05025     15.6294
	1250        304.476     13.4986    6.42311     15.9895
	1350        304.504     13.4943    7.01326     15.3766
	1450        304.605     12.8886    7.47774     14.217
	1550        304.998     12.3336    7.57268     15.7579
	1650        305.359     11.809    7.46419     15.5899
	1750        305.719     11.2844    9.49327     14.2787
	1850        306.108     10.7977    8.77878     14.9337
	1950        306.195     10.989    9.99312     15.5827
	2050        306.994     9.68277    10.5915     14.4943
	2150        308.624     9.15    10.466     14.3457
	2250        309.326     8.42778    10.6667     15.8425
	2350        309.554     8.1    11.8184     14.8202
	2450        309.732     7.82971    12.019     15.2525
	2550        309.961     7.57725    13.4391     15.6729
	2650        310.191     7.32479    14.0171     14.1982
	2750        310.418     7.07367    13.673     14.3416
	2850        310.609     6.84045    14.551     15.5173
	2950        310.801     6.60722    15.2948     15.1867
	3050        310.993     6.37399    15.3769     14.7561
	3150        311.004     6.23137    17.1822     14.8725
	3250        311.058     6.07381    15.9419     14.2525
	3350        312.398     5.41918    17.8783     13.6791
	3450        313.956     4.63541    17.882     14.4888
	3550        315.379     3.7875    18.4252     13.8759
	3650        315.588     3.69722    19.7174     13.2318
	3750        315.805     3.60454    18.7543     13.3607
	3850        316.022     3.46507    20.0968     13.4111
	3950        316.217     2.85468    20.4799     11.8777
	4050        316.324     2.54765    21.345     12.4003
	4150        316.361     2.48882    22.6448     12.2532
	4250        316.398     2.43    22.5118     10.5064
	4350        316.404     2.37573    22.2497     11.3891
	4450        316.404     2.3224    23.6396     10.6291
	4550        316.404     2.26907    23.4711     9.7227
	4650        316.923     1.93146    24.8041     10.1462
	4750        317.004     1.88813    25.5855     9.21833
	4850        317.004     1.89748    26.9461     9.00077
	4950        317.185     1.76178    27.0645     8.07918
	5050        317.466     1.54582    26.5601     7.80031
	5150        318.063     1.2914    28.0192     8.49442
	5250        318.962     1.00004    27.5122     7.4242
	5350        319.861     0.708669    28.7086     8.64207
	5450        320.466     0.593802    28.8192     8.3139
	5550        320.962     0.544215    30.0129     7.67596
	5650        321.458     0.494628    30.1293     7.31426
	5750        321.985     0.441935    30.3179     5.51139
	5850        322.535     0.390204    32.6676     5.01677
	5950        322.807     0.369796    33.1621     5.83086
	6050        323.079     0.349388    33.5945     5.69741
	6150        323.327     0.331843    32.8148     4.60555
	6250        323.553     0.316737    33.6715     4.36969
	6350        323.78     0.301631    33.7092     6.28351
	6450        324.006     0.286526    32.2886     4.95176
	6550        324.233     0.27142    32.5719     5.85923
	6650        324.46     0.256314    32.5755     5.49372
	6750        324.686     0.241208    33.87     5.85141
	6850        324.913     0.226103    32.6129     5.22137
	6950        325.139     0.210997    33.3818     5.2398
	7050        325.366     0.195891    32.4821     4.39759
	7150        325.592     0.180786    33.513     4.62374
	7250        325.819     0.16568    33.0044     4.82864
	7350        326.046     0.150574    33.3945     4.5732
	7450        326.249     0.137    33.5862     6.01561
	7550        326.399     0.127    33.8902     5.7941
	7650        326.54     0.117345    33.5347     4.9658
	7750        326.658     0.108496    32.4821     5.16534
	7850        326.776     0.099646    32.9902     4.34937
	7950        326.894     0.0907965    33.4181     5.63723
	8050        327.012     0.0819469    33.9067     5.24878
	8150        327.13     0.0730973    33.3333     4.48738
	8250        327.248     0.0642478    32.6429     4.80289
	8350        327.507     0.0587707    32.0473     5.67788
	8450        327.897     0.0564066    32.0931     4.46784
	8550        328.287     0.0540426    32.9361     4.78873
	8650        328.677     0.0516785    32.9571     5.35944
	8750        329.067     0.0493144    32.5419     6.12127
	8850        329.457     0.0469504    32.9965     4.97288
	8950        329.847     0.0445863    32.7899     5.38251
	9050        330.238     0.0422222    32.2919     5.29187
	9150        330.628     0.04    32.6016     4.34363
	9250        331.02     0.04    33.6154     5.66146
	9350        331.412     0.04    33.9741     5.33502
	9450        331.804     0.04    32.3215     6.3006
	9550        332.188     0.0389047    33.9148     6.28668
	9650        332.571     0.0378094    32.5567     4.86759
	9750        332.954     0.0367141    32.9078     5.46772
	9850        333.338     0.0356188    33.7954     5.81149
	9950        333.721     0.0345235    33.1804     5.76242
	10050        334.104     0.0334283    32.3002     4.38086
	10150        334.488     0.032333    32.2882     5.88248
	10250        334.871     0.0312377    32.7041     6.05956
	10350        335.254     0.0301424    33.3153     4.88297
	10450        335.629     0.03    33.6935     6.12908
	10550        336.005     0.03    32.301     5.74856
	10650        336.081     0.03    33.2162     4.35041
	10750        336.304     0.0288889    33.2389     4.76828
	10850        336.59     0.0273016    32.7937     4.58724
	10950        336.876     0.0257143    32.217     4.37323
	11050        337.161     0.024127    32.6676     6.0789
	11150        337.447     0.0225397    32.7111     5.50947
	11250        337.733     0.0209524    33.5611     4.53407
	11350        338.337     0.02    33.3213     4.55513
	11450        339.419     0.02    32.7693     4.86069
	11550        340.449     0.02    33.6648     4.67538
	11650        340.95     0.02    32.2681     5.01732
	11750        341.451     0.02    33.7371     5.89353
	11850        341.952     0.02    32.2175     4.46998
	11950        342.453     0.02    33.2753     5.6636
	12050        342.954     0.02    32.5377     4.94944
	12150        343.724     0.02    32.5201     5.43531
	12250        345.123     0.02    33.8877     5.68069
	12350        346.113     0.0193944    32.1637     6.2843
	12450        346.408     0.0177578    32.5048     4.44367
	12550        346.702     0.0161211    32.2199     5.65462
	12650        346.997     0.0144845    32.0892     6.24438
	12750        347.292     0.0128478    33.0723     4.98466
	12850        347.586     0.0112111    33.1384     4.79574
	12950        348.148     0.01    33.8954     5.72921
	13050        349.291     0.01    32.2633     4.42048
	13150        349.727     0.01    33.4493     4.85007
	13250        350.163     0.01    32.1943     5.28503
	13350        350.599     0.01    32.9781     6.15343
	13450        352.253     0.01    32.7753     5.40644
	13550        356.549     0.01    33.8985     5.08751
	13650        358.715     0.01    33.2898     5.57533
	13750        360.881     0.01    32.0021     5.43031
	13850        362.009     0.01    33.1481     5.52919
	13950        362.566     0.01    32.0942     5.83603
	14050        363.221     0.01    32.2299     5.47694
	14150        363.876     0.01    33.8264     5.28143
	14250        364.514     0.01    32.8161     5.01884
	14350        364.733     0.01    33.8017     5.68447
	14450        364.853     0.01    33.1584     5.51002
	14550        364.973     0.01    33.5961     5.55299
	14650        365.093     0.01    33.4772     6.03325
	14750        365.213     0.01    33.4372     6.20074
	14850        365.544     0.01    33.3438     5.11986
	14950        366.544     0.01    33.7053     6.17663
	15050        367.544     0.01    32.7232     5.53773
	15150        368.544     0.01    33.8922     5.74276
	15250        369.887     0.01    32.2361     5.28534
	15350        371.716     0.01    32.6216     4.89176
	15450        375.027     0.01    32.0666     5.7004
	15550        378.648     0.01    32.7517     5.40241
	15650        383.24     0.01    32.8523     6.21984
	15750        387.46     0.01    32.1665     5.61818
	15850        390.22     0.01    33.8347     6.06053
	15950        392.979     0.01    32.0013     4.68893
	16050        394.349     0.01    32.0726     5.0208
	16150        394.435     0.01    32.1087     6.15441
	16250        394.919     0.01    33.4613     5.2124
	16350        397.104     0.01    32.2775     5.97923
	16450        398.176     0.01    33.0975     5.98118
	16550        399.247     0.01    32.2472     6.2923
	16650        400.319     0.01    32.1867     4.74008
	16750        401.39     0.01    32.398     5.22991
	16850        405.962     0.01    32.2601     5.39594
	16950        409.019     0.01    33.3455     5.94273
	17050        410.272     0.01    32.5029     4.73935
	17150        411.526     0.01    32.5008     4.54628
	17250        413.193     0.01    33.1826     4.89756
	17350        417.396     0.01    33.3297     5.43159
	17450        421.352     0.01    32.3132     5.90415
	17550        423.524     0.01    32.3516     6.08098
	17650        425.696     0.01    32.9364     4.65798
	17750        427.899     0.01    33.8011     5.61074
	17850        430.113     0.01    33.7996     5.95506
	17950        432.328     0.01    32.291     5.45124
	18050        434.543     0.01    33.5171     5.46076
	18150        436.241     0.01    32.5335     5.16613
	18250        436.939     0.01    32.1938     4.86734
	18350        437.633     0.01    33.764     4.41944
	18450        438.541     0.01    33.1659     5.73135
	18550        444.607     0.0195342    32.2712     6.24121
	18650        446.388     0.0167945    32.5264     5.49525
	18750        448.169     0.0140548    32.0288     5.62453
	18850        449.949     0.0113151    32.4484     5.53279
	18950        452.258     0.0107692    32.3718     5.22918
	19050        456.324     0.0144322    32.0408     5.98692
	19150        460.39     0.0180952    32.5318     6.22698
	19250        464.466     0.02    32.4912     5.05693
	19350        467.964     0.0210638    33.5128     4.87271
	19450        470.981     0.0229981    32.82     5.87961
	19550        473.999     0.0249323    33.5994     4.71151
	19650        477.016     0.0268665    33.7708     4.83835
	19750        480.033     0.0288008    33.0174     6.29315
	19850        483.067     0.03    32.008     5.61489
	19950        484.914     0.03    32.0416     5.90769
