1000.0000	301.4	17.2311
	50         301.4     17.2311    0     0.9091
	150        301.4     17.2311    0     2.7273
	250        301.4     16.5401    0     4.5455
	350        301.4     15.8621    0     6.3636
	450        301.4     15.9082    0     8.1818
	550        301.4     16.2031    0     10
	650        301.4     16.505    0.2447     11.5451
	750        301.675     16.3041    0.9549     12.9389
	850        301.812     15.9479    2.0611     14.0451
	950        301.962     15.5938    3.4549     14.7553
	1050        302.962     15.2432    5     15
	1150        303.962     14.5014    5.75     15
	1250        304.476     13.4986    6.25     15
	1350        304.504     13.4943    6.75     15
	1450        304.605     12.8886    7.25     15
	1550        304.998     12.3336    7.75     15
	1650        305.359     11.809    8.25     15
	1750        305.719     11.2844    8.75     15
	1850        306.108     10.7977    9.25     15
	1950        306.195     10.989    9.75     15
	2050        306.994     9.68277    10.25     15
	2150        308.624     9.15    10.75     15
	2250        309.326     8.42778    11.25     15
	2350        309.554     8.1    11.75     15
	2450        309.732     7.82971    12.25     15
	2550        309.961     7.57725    12.75     15
	2650        310.191     7.32479    13.25     15
	2750        310.418     7.07367    13.75     15
	2850        310.609     6.84045    14.25     15
	2950        310.801     6.60722    14.75     15
	3050        310.993     6.37399    15.2603     14.8825
	3150        311.004     6.23137    15.925     15
	3250        311.058     6.07381    16.3681     15.0783
	3350        312.398     5.41918    16.8113     15.1567
	3450        313.956     4.63541    17.2544     15.235
	3550        315.379     3.7875    17.6975     15.3134
	3650        315.588     3.69722    18.1406     15.3917
	3750        315.805     3.60454    18.5838     15.4701
	3850        316.022     3.46507    19.0269     15.5484
	3950        316.217     2.85468    19.47     15.6268
	4050        316.324     2.54765    19.9131     15.7051
	4150        316.361     2.48882    20.3563     15.7835
	4250        316.398     2.43    20.7994     15.8618
	4350        316.404     2.37573    21.2425     15.9402
	4450        316.404     2.3224    21.6856     16.0185
	4550        316.404     2.26907    22.1288     16.0969
	4650        316.923     1.93146    22.5719     16.1752
	4750        317.004     1.88813    23.015     16.2536
	4850        317.004     1.89748    23.4582     16.3319
	4950        317.185     1.76178    23.9013     16.4103
	5050        317.466     1.54582    24.3444     16.4886
	5150        318.063     1.2914    24.7875     16.567
	5250        318.962     1.00004    25.2307     16.6453
	5350        319.861     0.708669    25.6738     16.7237
	5450        320.466     0.593802    26.1169     16.802
	5550        320.962     0.544215    26.56     16.8804
	5650        321.458     0.494628    27.0032     16.9587
	5750        321.985     0.441935    27.4463     17.0371
	5850        322.535     0.390204    27.8894     17.1154
	5950        322.807     0.369796    28.3326     17.1938
	6050        323.079     0.349388    28.7757     17.2721
	6150        323.327     0.331843    28.7757     17.2721
	6250        323.553     0.316737    28.7757     17.2721
	6350        323.78     0.301631    28.7757     17.2721
	6450        324.006     0.286526    28.7757     17.2721
	6550        324.233     0.27142    28.7757     17.2721
	6650        324.46     0.256314    28.7757     17.2721
	6750        324.686     0.241208    28.7757     17.2721
	6850        324.913     0.226103    28.7757     17.2721
	6950        325.139     0.210997    28.7757     17.2721
	7050        325.366     0.195891    28.7757     17.2721
	7150        325.592     0.180786    28.7757     17.2721
	7250        325.819     0.16568    28.7757     17.2721
	7350        326.046     0.150574    28.7757     17.2721
	7450        326.249     0.137    28.7757     17.2721
	7550        326.399     0.127    28.7757     17.2721
	7650        326.54     0.117345    28.7757     17.2721
	7750        326.658     0.108496    28.7757     17.2721
	7850        326.776     0.099646    28.7757     17.2721
	7950        326.894     0.0907965    28.7757     17.2721
	8050        327.012     0.0819469    28.7757     17.2721
	8150        327.13     0.0730973    28.7757     17.2721
	8250        327.248     0.0642478    28.7757     17.2721
	8350        327.507     0.0587707    28.7757     17.2721
	8450        327.897     0.0564066    28.7757     17.2721
	8550        328.287     0.0540426    28.7757     17.2721
	8650        328.677     0.0516785    28.7757     17.2721
	8750        329.067     0.0493144    28.7757     17.2721
	8850        329.457     0.0469504    28.7757     17.2721
	8950        329.847     0.0445863    28.7757     17.2721
	9050        330.238     0.0422222    28.7757     17.2721
	9150        330.628     0.04    28.7757     17.2721
	9250        331.02     0.04    28.7757     17.2721
	9350        331.412     0.04    28.7757     17.2721
	9450        331.804     0.04    28.7757     17.2721
	9550        332.188     0.0389047    28.7757     17.2721
	9650        332.571     0.0378094    28.7757     17.2721
	9750        332.954     0.0367141    28.7757     17.2721
	9850        333.338     0.0356188    28.7757     17.2721
	9950        333.721     0.0345235    28.7757     17.2721
	10050        334.104     0.0334283    28.7757     17.2721
	10150        334.488     0.032333    28.7757     17.2721
	10250        334.871     0.0312377    28.7757     17.2721
	10350        335.254     0.0301424    28.7757     17.2721
	10450        335.629     0.03    28.7757     17.2721
	10550        336.005     0.03    28.7757     17.2721
	10650        336.081     0.03    28.7757     17.2721
	10750        336.304     0.0288889    28.7757     17.2721
	10850        336.59     0.0273016    28.7757     17.2721
	10950        336.876     0.0257143    28.7757     17.2721
	11050        337.161     0.024127    28.7757     17.2721
	11150        337.447     0.0225397    28.7757     17.2721
	11250        337.733     0.0209524    28.7757     17.2721
	11350        338.337     0.02    28.7757     17.2721
	11450        339.419     0.02    28.7757     17.2721
	11550        340.449     0.02    28.7757     17.2721
	11650        340.95     0.02    28.7757     17.2721
	11750        341.451     0.02    28.7757     17.2721
	11850        341.952     0.02    28.7757     17.2721
	11950        342.453     0.02    28.7757     17.2721
	12050        342.954     0.02    28.7757     17.2721
	12150        343.724     0.02    28.7757     17.2721
	12250        345.123     0.02    28.7757     17.2721
	12350        346.113     0.0193944    28.7757     17.2721
	12450        346.408     0.0177578    28.7757     17.2721
	12550        346.702     0.0161211    28.7757     17.2721
	12650        346.997     0.0144845    28.7757     17.2721
	12750        347.292     0.0128478    28.7757     17.2721
	12850        347.586     0.0112111    28.7757     17.2721
	12950        348.148     0.01    28.7757     17.2721
	13050        349.291     0.01    28.7757     17.2721
	13150        349.727     0.01    28.7757     17.2721
	13250        350.163     0.01    28.7757     17.2721
	13350        350.599     0.01    28.7757     17.2721
	13450        352.253     0.01    28.7757     17.2721
	13550        356.549     0.01    28.7757     17.2721
	13650        358.715     0.01    28.7757     17.2721
	13750        360.881     0.01    28.7757     17.2721
	13850        362.009     0.01    28.7757     17.2721
	13950        362.566     0.01    28.7757     17.2721
	14050        363.221     0.01    28.7757     17.2721
	14150        363.876     0.01    28.7757     17.2721
	14250        364.514     0.01    28.7757     17.2721
	14350        364.733     0.01    28.7757     17.2721
	14450        364.853     0.01    28.7757     17.2721
	14550        364.973     0.01    28.7757     17.2721
	14650        365.093     0.01    28.7757     17.2721
	14750        365.213     0.01    28.7757     17.2721
	14850        365.544     0.01    28.7757     17.2721
	14950        366.544     0.01    28.7757     17.2721
	15050        367.544     0.01    28.7757     17.2721
	15150        368.544     0.01    28.7757     17.2721
	15250        369.887     0.01    28.7757     17.2721
	15350        371.716     0.01    28.7757     17.2721
	15450        375.027     0.01    28.7757     17.2721
	15550        378.648     0.01    28.7757     17.2721
	15650        383.24     0.01    28.7757     17.2721
	15750        387.46     0.01    28.7757     17.2721
	15850        390.22     0.01    28.7757     17.2721
	15950        392.979     0.01    28.7757     17.2721
	16050        394.349     0.01    28.7757     17.2721
	16150        394.435     0.01    28.7757     17.2721
	16250        394.919     0.01    28.7757     17.2721
	16350        397.104     0.01    28.7757     17.2721
	16450        398.176     0.01    28.7757     17.2721
	16550        399.247     0.01    28.7757     17.2721
	16650        400.319     0.01    28.7757     17.2721
	16750        401.39     0.01    28.7757     17.2721
	16850        405.962     0.01    28.7757     17.2721
	16950        409.019     0.01    28.7757     17.2721
	17050        410.272     0.01    28.7757     17.2721
	17150        411.526     0.01    28.7757     17.2721
	17250        413.193     0.01    28.7757     17.2721
	17350        417.396     0.01    28.7757     17.2721
	17450        421.352     0.01    28.7757     17.2721
	17550        423.524     0.01    28.7757     17.2721
	17650        425.696     0.01    28.7757     17.2721
	17750        427.899     0.01    28.7757     17.2721
	17850        430.113     0.01    28.7757     17.2721
	17950        432.328     0.01    28.7757     17.2721
	18050        434.543     0.01    28.7757     17.2721
	18150        436.241     0.01    28.7757     17.2721
	18250        436.939     0.01    28.7757     17.2721
	18350        437.633     0.01    28.7757     17.2721
	18450        438.541     0.01    28.7757     17.2721
	18550        444.607     0.0195342    28.7757     17.2721
	18650        446.388     0.0167945    28.7757     17.2721
	18750        448.169     0.0140548    28.7757     17.2721
	18850        449.949     0.0113151    28.7757     17.2721
	18950        452.258     0.0107692    28.7757     17.2721
	19050        456.324     0.0144322    28.7757     17.2721
	19150        460.39     0.0180952    28.7757     17.2721
	19250        464.466     0.02    28.7757     17.2721
	19350        467.964     0.0210638    28.7757     17.2721
	19450        470.981     0.0229981    28.7757     17.2721
	19550        473.999     0.0249323    28.7757     17.2721
	19650        477.016     0.0268665    28.7757     17.2721
	19750        480.033     0.0288008    28.7757     17.2721
	19850        483.067     0.03    28.7757     17.2721
	19950        484.914     0.03    28.7757     17.2721
